#####################################################################
# Alchemist log file - simulation started at: 2024-12-18T05:04+0000 #
#####################################################################
#
# Algorithm = bc_re_c, CamHerdRatio = 2.0, NumberOfHerds = 2.0, Seed = 62.0
#
# The columns have the following meaning: 
# time 3-coverage 2-coverage 1-coverage CamDist ObjDist NoisePerceivedNormalized[mean] NoisePerceivedNormalized[variance] NoisePerceived[mean] NoisePerceived[variance] NoisePerceived[percentile90] NoisePerceived[max] BodyCoverage[mean] BodyCoverage[variance] BodyCoverageOnlyCovered[mean] BodyCoverageOnlyCovered[variance] FovDistance[mean] FovDistance[variance] FovDistanceOnlyCovered[mean] FovDistanceOnlyCovered[variance] ClusteringDistance[mean] ClusteringDistance[variance] 
0.0 0.0 0.0 0.0 0.0 0.0 NaN NaN NaN NaN NaN NaN NaN NaN NaN NaN NaN NaN NaN NaN 60.0 0.0
0.0036098224735008344 0.0 0.0 0.0 0.0 0.0 NaN NaN NaN NaN NaN NaN NaN NaN NaN NaN NaN NaN NaN NaN 60.0 0.0
10.0036098224735 0.0 0.0 0.0 375.0 2643.2559 0.0022558156912224877 3.998395611846975E-7 25.858444334682506 0.13451146159413632 26.346023004247375 26.748195569904276 0.0 0.0 NaN NaN 0.0 0.0 NaN NaN 60.0 0.0
20.0036098224735 0.0 0.0 0.0 400.0 2566.1415 0.007887090785098465 7.484290705028495E-6 27.717668853687652 0.3209580178944207 28.530047168752777 29.136203946662278 0.0 0.0 NaN NaN 0.0 0.0 NaN NaN 60.0 0.0
30.0036098224735 0.0 0.0 0.05 400.0 2418.2433 0.03457083721807542 8.067647150312667E-4 30.243682359427943 2.5734954847493485 32.56239100765312 34.53560926893084 0.006438767338941736 0.0012140707140177213 0.19316302016825196 6.717750247641716E-5 0.0065742400599729045 0.0016486252928455958 0.19722720179918718 0.01525953640480499 60.0 0.0
40.0036098224735 0.0 0.0 0.4167 370.9395 2375.5701 0.10339770663771396 0.02109234474677536 31.21139358974464 19.201949358344372 37.6798134864359 41.474891006527706 0.08073197512986682 0.009329831336779846 0.18995758854086311 0.0010417997684776755 0.2849192445961488 0.11901645167400442 0.6703982225791736 0.019666244869044933 60.0 0.0
50.0036098224735 0.0 0.0 0.4083 381.7885 2412.3655 0.11720555983206066 0.02952234986939785 30.3707337125724 32.432081374023085 38.20289013749377 42.6455032286652 0.0772949680104384 0.008504361546620164 0.18187051296573742 8.407883161704152E-4 0.2737671884666048 0.11190868396152494 0.6441580905096583 0.022980565702182473 60.0 0.0
60.0036098224735 0.0 0.0 0.3833 400.0 2335.5429 0.20597891827280132 0.08054173821545926 30.976520886268297 69.27493393107723 43.817203021636594 47.669382704044885 0.06669449457686333 0.0070446508072603215 0.17028381594092762 2.011511789476612E-4 0.2505965079287894 0.1119696185851742 0.6398208713075474 0.03521288391332584 60.0 0.0
70.00360982247349 0.0 0.0583 0.375 396.6038 2410.9422 0.18048420704027368 0.05968494454453044 29.88447837826116 70.26634891340424 41.50833700988203 46.85722316281399 0.08279306949924539 0.018122018473181258 0.231050426509522 0.016275199970986105 0.2392410285842919 0.11224285887967732 0.6676493820956982 0.025184704497642714 60.0 0.0
80.00360982247349 0.0 0.1833 0.375 362.114 2313.1329 0.28738989652600716 0.109592407337312 30.983717825299372 109.70558230854171 43.97047327546954 47.84034643038906 0.11852081766140553 0.030420189432370265 0.3160555137637481 0.01842194769605537 0.24708170134234142 0.11258107360876671 0.6588845369129105 0.026983507540864204 60.0 0.0
90.00360982247349 0.0 0.2917 0.425 359.7917 2383.2386 0.24515536798555856 0.08466632223171444 29.92138681028676 103.33677944655457 43.04402136254925 46.73376610470429 0.12353915153753663 0.023817567991893766 0.29649396369008796 0.005516075537063924 0.2615104097428621 0.11508595812323093 0.6276249833828691 0.04502237462883052 60.0 0.0
100.00360982247349 0.3083 0.35 0.425 293.475 2453.0637 0.2559491643911916 0.0747219799395614 23.25834695449543 316.1562172606593 43.12730225125839 46.079175739060744 0.17674555285283375 0.04741940459045387 0.41587188906549116 0.011423343335891305 0.26353799898830294 0.11621015567086367 0.6200894093842422 0.051064541939368005 60.0 0.0
110.00360982247349 0.1917 0.4083 0.425 272.2971 2389.4796 0.34853502175794715 0.11501539453798694 20.508396559049842 475.653553736954 47.46544469250602 48.854423198914134 0.18528590773371814 0.04909540331084923 0.4359668417263956 0.005372713304534384 0.305697191318554 0.14205729137291803 0.719287508984833 0.034656197146433254 60.0 0.0
120.00360982247349 0.325 0.4167 0.4167 277.2137 2491.3582 0.28120193414150063 0.06978371658077545 19.230974245953696 415.33346187441157 42.973383113890485 45.57779917206329 0.26836681293053855 0.10696202208488535 0.6440803510332925 0.012836637809025138 0.27901263012502264 0.13419253850124496 0.6696303123000544 0.05898857257976801 60.0 0.0
130.0036098224735 0.3083 0.3917 0.4167 208.6723 2402.2383 0.27027832933646595 0.06577739271008677 19.06082367795573 408.24564213986247 42.904173261274316 44.371768544307756 0.2540879314430043 0.10128672267671489 0.6098110354632102 0.02463114854064505 0.25226673329780136 0.11711187583851733 0.6054401599147233 0.06622539653784867 60.0 0.0
140.0036098224735 0.3 0.375 0.375 225.7174 2525.1457 0.2597006737786296 0.06038969749313494 18.90528433368101 401.5460727410342 42.20350183535869 44.61434525321681 0.24168309688293557 0.10378570189479237 0.6444882583544949 0.015189878674886472 0.23976946445253358 0.11818259818291268 0.6393852385400896 0.05831477197717456 60.0 0.0
150.0036098224735 0.2833 0.35 0.3917 195.7861 2496.8887 0.2661601708922195 0.06693494627955683 19.018797232214432 407.3567299712474 42.87738829444091 45.9183462871712 0.2278110766220409 0.0966058716695478 0.5942897651009763 0.03283444842012924 0.231045780274729 0.11252512711406623 0.6027281224558149 0.06856474922101688 60.0 0.0
160.0036098224735 0.2667 0.275 0.4333 248.5361 2421.2055 0.25882643466768357 0.05939482930757624 18.870603205666306 399.88924212970835 42.32168429276019 42.74912485813048 0.21312591023524424 0.08180391886902998 0.4918290236197944 0.051113799575629705 0.32002471646144987 0.14464881106294006 0.7385185764494997 0.0223882951071743 60.0 0.0
170.0036098224735 0.3 0.3167 0.4667 198.6545 2554.3373 0.294715102185993 0.07896470918922112 19.596567830436648 421.0241733052714 43.44967408086326 44.580866699432995 0.22845744014777258 0.08800124356206587 0.4895516574595126 0.06025960001735768 0.33523810187179187 0.14196677831748064 0.7183673611538398 0.026932791661619517 60.0 0.0
180.0036098224735 0.2167 0.2917 0.475 227.8079 2424.5347 0.2979230445935533 0.07966039859557629 19.980374013503194 416.0877295442899 42.93276384980771 44.89744762524413 0.2185171380417656 0.08362250025599684 0.46003608008792757 0.06460632447513101 0.3358265978008624 0.138488169170757 0.7070033637912893 0.027178008405090104 60.0 0.0
190.0036098224735 0.2167 0.3167 0.475 202.4721 2433.8572 0.3144985081856928 0.09199983650747752 21.62744992508482 399.7328803412882 43.39677685371505 45.29715482882612 0.21367049508775135 0.0797389416389687 0.4498326212373712 0.06131479723559706 0.33870394332868164 0.14342632506978234 0.7130609333235403 0.03307482207918514 60.0 0.0
200.0036098224735 0.2 0.2417 0.3833 193.3543 2534.0194 0.24534041640138518 0.061400296135000476 19.715800054304413 376.086645132847 42.68088131293018 43.832501431408886 0.17769746088867489 0.07505309438543659 0.46355859362263013 0.06301561194304064 0.28747705486407743 0.1429532027112042 0.7499401431236803 0.023505065135274325 60.0 0.0
210.0036098224735 0.3 0.3083 0.35 262.7265 2465.469 0.26964679625756977 0.07218120236872787 19.59992040302389 402.0580839319274 42.85243782671694 47.45958596754868 0.19688091842218014 0.08255241217875459 0.5625169097776576 0.02891041646144654 0.21556972716451273 0.10779280864804926 0.6159135061843222 0.06027083715318632 60.0 0.0
220.0036098224735 0.3167 0.3333 0.3833 239.0855 2448.9658 0.2948087288654804 0.08465094008331212 21.045242007371805 398.8462160480896 43.497461758177245 48.288008456964604 0.21546825022498056 0.09344188529658652 0.5876406824317651 0.03480519117082041 0.2515934472986423 0.12986566607077385 0.6861639471781154 0.054274498682456006 60.0 0.0
230.0036098224735 0.3083 0.3417 0.3917 290.0902 2345.7377 0.27092933656615864 0.07060157523884593 21.157393658972424 371.0599644609549 42.27207057170667 46.08498980768786 0.2356464999247046 0.10625345829214965 0.6426722725219216 0.0263827370642757 0.2362871007938764 0.12011076741211453 0.6444193658014811 0.06327475733375366 60.0 0.0
240.0036098224735 0.325 0.35 0.4167 233.1938 2410.6871 0.25322634031139546 0.051613614883217376 19.65503196983874 380.6584908296613 40.996159407137775 41.53187851996396 0.2243620124836944 0.07870914310133034 0.5384688299608665 0.018562275603573486 0.31539937867957185 0.1517826002594853 0.7569585088309725 0.02755168152803005 60.0 0.0
250.0036098224735 0.0833 0.425 0.4417 239.5127 2438.1385 0.28807667821885713 0.07341482490572337 20.850763391249878 388.6848354354904 42.262007042480654 43.526238488377224 0.2154156718716983 0.06852278000301662 0.49711308893468836 0.017105219941596937 0.3141585170385557 0.1409858425729905 0.7249811931658977 0.02528827730252296 60.0 0.0
260.0036098224735 0.2583 0.275 0.4333 278.9446 2392.3903 0.3050179241306175 0.0839105501072422 21.284802878741967 395.91481613189734 43.039601396433994 44.35840736047147 0.1770573066699136 0.05258445946804946 0.4085937846228775 0.026237718722257605 0.3159023900173155 0.14163354042725612 0.7290055154245743 0.023418814785693434 60.0 0.0
270.0036098224735 0.05 0.3917 0.4167 204.7196 2399.3994 0.26000136020301545 0.0699054623172559 23.76492652035004 300.64569463593546 42.13741973097943 42.841298435874286 0.19848711300571925 0.06221007729688272 0.47636907121372624 0.01600572819181754 0.29533264998923436 0.13716359408792447 0.7087983599741624 0.03406687427182701 60.0 0.0
280.0036098224735 0.2333 0.3 0.4583 197.4265 2305.5025 0.2893397299954139 0.08179404369182551 22.98182274113659 345.8053601237356 42.95268040163539 44.470150885076094 0.16569164995248842 0.04665947390113582 0.361509054441793 0.030722969139362226 0.30634121803897385 0.13176963891882687 0.668380839357761 0.04391977782519412 60.0 0.0
290.0036098224735 0.275 0.3 0.4583 221.2338 2335.633 0.29676650968042906 0.084595739528123 22.069638156726178 374.9700494583873 43.43708371037754 45.11798009850233 0.18249632739055402 0.053883349110624 0.3910635586940443 0.033537965398834156 0.31542459268386414 0.13361533811782775 0.6759098414654231 0.04100937643937756 60.0 0.0
300.0036098224735 0.2417 0.3083 0.475 288.1789 2414.9182 0.32827430475657393 0.09637312734778705 21.18220724389461 424.3507296096312 44.49801465114652 47.30506319590422 0.18075892872848 0.05060865029749585 0.38054511311258954 0.030158089030702627 0.3414966730859399 0.1418935130055569 0.7189403643914525 0.025318504726574532 60.0 0.0
310.0036098224735 0.2417 0.3 0.4583 245.2536 2446.7199 0.3390698051299707 0.1029282550125319 20.896440727870235 445.7247260471532 45.5927284167938 47.77333193287027 0.17708999412697427 0.05238275724741013 0.3935333202821651 0.030829328858949973 0.30831280499826413 0.13453987204321793 0.6851395666628092 0.039029865409017594 60.0 0.0
320.0036098224735 0.2083 0.2833 0.475 259.6333 2508.7884 0.3491681394689066 0.10450974278993247 20.509974454278897 460.9659833579483 45.62920370300792 47.99576144645315 0.17095343773324448 0.04488033228482882 0.35990197417525155 0.026153416406490586 0.32793596259098784 0.13465545543819382 0.6903915001915534 0.03143811647871435 60.0 0.0
330.0036098224735 0.2333 0.3 0.4583 189.6322 2423.398 0.33535983545151765 0.10235609965170686 21.368025383320028 433.36706209748485 45.457950799532995 48.42465810182625 0.1731362742200627 0.04654906123104803 0.3777518710255913 0.023855045131626923 0.32327075065337896 0.13956702922582287 0.705318001425554 0.03310948690391157 60.0 0.0
340.0036098224735 0.2417 0.3167 0.4583 201.1577 2421.9445 0.3190807742818383 0.09337127462659293 20.77159765153877 430.0580620944819 44.88070037400641 48.124313211943246 0.17330131862081333 0.0462275508168326 0.3781119678999564 0.02299636808673766 0.3371464787837314 0.14861597798843446 0.735592317346323 0.02898422232841915 60.0 0.0
350.0036098224735 0.2667 0.2917 0.4583 165.6258 2464.3802 0.32473603395071376 0.0991778617293981 21.552705099588064 419.68704761750826 44.893593511736405 48.29275270313357 0.16746572268821214 0.04322202539950044 0.35885512004616893 0.02358693406056648 0.335513958295335 0.1440943431663873 0.7189584820614321 0.031074691675420364 60.0 0.0
360.0036098224735 0.2583 0.2917 0.45 211.3453 2449.5566 0.31787480806580265 0.09631140145562679 21.47147820616774 416.6624694844145 45.2964624737136 48.31506015421881 0.16896690734644917 0.045715176232748 0.37548201632544265 0.023637729387878455 0.3201109408658164 0.1424868172864297 0.7113576463684809 0.036355644075322546 60.0 0.0
370.0036098224735 0.2417 0.2667 0.4333 174.3374 2348.5804 0.32574098284024194 0.100254161873705 21.94366539148711 413.95108307982787 45.35387624685894 48.508485123122675 0.15350206953484352 0.04088764813911427 0.36118134008198477 0.020802527782757138 0.314606486362608 0.1441090543021834 0.7402505561473129 0.02159462467268387 60.0 0.0
380.0036098224735 0.2583 0.2833 0.4167 167.3553 2430.7392 0.2962091643781673 0.08956523535139478 22.02770255707461 386.2615827643762 45.071730658694925 48.524175530269616 0.1642344803500241 0.04460490051913009 0.3864340714118214 0.01857686074267657 0.32312564703520263 0.15315332468005904 0.7602956400828297 0.0254789042556059 60.0 0.0
390.0036098224735 0.15 0.3667 0.4333 219.3304 2435.3042 0.30093033657539664 0.08971028286234153 22.07584738940822 387.25408277678866 45.109826685772006 48.01321666396248 0.1811389811540465 0.04542684559418569 0.41801303343241497 0.005038033073020035 0.3289702898496352 0.15237876821653856 0.759162207345312 0.022561377314221094 60.0 0.0
400.0036098224735 0.025 0.2833 0.475 202.8829 2462.1643 0.2988853050638587 0.09123964528904221 21.86496018530163 390.04906913417295 45.039200994081185 47.65013797646063 0.158712448999877 0.03521688955531504 0.3341314715786884 0.015176213145084596 0.3625892480610276 0.1542895165547493 0.7633457853916371 0.01648662655117058 60.0 0.0
410.0036098224735 0.1083 0.3417 0.4583 213.4026 2351.0926 0.28637261959575666 0.08805539902470357 21.718476532535288 385.67145620062075 44.75764504868207 48.44410231982422 0.18063764208076724 0.043380706721788044 0.39411849181258307 0.00990338557219119 0.3410711530424472 0.15180184623107468 0.7441552430017029 0.029014390022992935 60.0 0.0
420.0036098224735 0.2 0.25 0.4417 213.5936 2419.723 0.23709652021281774 0.0551011944184179 20.84967676491516 348.87597047692924 41.37307076053636 45.690937132480215 0.15964141383198827 0.036209225596154894 0.3614522577328036 0.00851564677515562 0.3125274183692601 0.1375452250221576 0.7076092491379475 0.02982717738207919 60.0 0.0
430.0036098224735 0.2 0.225 0.4417 195.3027 2462.2852 0.25666036048590785 0.06897497498471075 22.896119576847187 322.2491869317375 41.56676270865909 46.9436841850687 0.1542383233490457 0.035638234441578945 0.34921884531859404 0.012156416215986827 0.3060875707067303 0.1344344242357668 0.6930284619775026 0.03433001527146425 60.0 0.0
440.0036098224735 0.175 0.2 0.4167 224.0719 2408.0488 0.2507953740538026 0.07115816578948622 24.371012157124884 279.46347230435043 41.88728629315732 45.661080271417845 0.15158810649687343 0.03923900643275276 0.3566778976397022 0.018774819867117997 0.28873588349062385 0.12698979734440213 0.6793785493897032 0.031533585037668815 60.0 0.0
450.0036098224735 0.125 0.1333 0.3917 258.3525 2480.2221 0.22340308073011078 0.06542329301288304 26.927289714278974 180.84396734119335 41.657669877360874 42.70548214130851 0.1378687111534512 0.0392731526283691 0.3520052199662584 0.02458213532750766 0.2817544322551046 0.13584203446021675 0.7193730185236714 0.02976271614260908 60.0 0.0
460.0036098224735 0.1333 0.175 0.375 153.1282 2388.5449 0.26982858641454127 0.09342609984663504 27.29547776503165 212.0447207519484 43.190941370701495 46.75555663855987 0.12351948135124441 0.03231116762029344 0.3293852836033184 0.018036738458155427 0.27348682792708423 0.135738630115629 0.729298207805558 0.02713381758718445 60.0 0.0
470.0036098224735 0.15 0.1583 0.3667 272.1733 2268.2645 0.2430797360689804 0.0788356648902533 26.166575007062246 222.42317249436218 42.76828081588961 44.63312716064152 0.1263951017092872 0.03635464387054547 0.33705360455809924 0.02570586984942491 0.263306080232615 0.128539281699204 0.7021495472869733 0.03250354874346434 60.0 0.0
480.0036098224735 0.125 0.15 0.3417 198.8379 2426.9605 0.23178720487176235 0.07441447789140997 26.15417187095092 212.46288746023643 42.45197910647518 43.74895079579437 0.11511395427575358 0.03390496548545002 0.3369188905631812 0.02426874243743156 0.251817546745009 0.1318932530193808 0.7370269660829534 0.02582969082690354 60.0 0.0
490.0036098224735 0.1417 0.15 0.3333 240.4581 2401.5066 0.21079833323457794 0.06674447594656979 26.01695317221134 199.34952704338147 42.40322045457153 44.13619605231278 0.12353819860896638 0.046713416319249614 0.380117534181435 0.04618985978846621 0.23709423555300838 0.12641212507089555 0.7295207247784874 0.027180658946331097 60.0 0.0
500.0036098224735 0.1667 0.2167 0.3667 244.7798 2378.3139 0.24176163521851643 0.08358705567239043 25.635607958210333 240.0182844093639 43.606295445247845 45.513290547453565 0.15260555359619238 0.06043984632495936 0.4161969643532519 0.0550065147268899 0.28121288916431725 0.14417166438844478 0.7669442431754108 0.017794371440146017 60.0 0.0
510.0036098224735 0.1417 0.1833 0.3583 249.9896 2362.1337 0.22184158324190376 0.07376741243213167 24.955252177483406 240.67598397113187 43.016044734798946 44.86362362492663 0.14131825719283 0.05664463434455204 0.39437653170092085 0.05831668972373101 0.2655492451294316 0.1370819366838585 0.7410676608263206 0.027617231080116163 60.0 0.0
520.0036098224734 0.1417 0.2167 0.3667 210.9219 2386.7082 0.22817631216213477 0.07541954751661056 23.81891101978094 276.3938549802723 43.20685451161382 45.40577338516112 0.15224979156486695 0.05908401916742978 0.41522670426781894 0.05177713170875698 0.2766367100639591 0.14118475240816308 0.7544637547198885 0.021833612627611413 60.0 0.0
530.0036098224734 0.1917 0.225 0.325 230.8019 2396.9361 0.23197092688524398 0.07543228908894936 23.187865858047086 296.4019476121584 43.82477779840253 45.51067516485004 0.14881393829471273 0.06412037730721364 0.4578890409068084 0.05555165551927962 0.25256582327891264 0.13968163608129347 0.7771256100889621 0.019047625366078635 60.0 0.0
540.0036098224734 0.1833 0.2333 0.2417 239.4148 2381.5098 0.20549959380275326 0.04975104321895619 20.48585440521271 328.0858658631931 41.44836584470611 44.56542432225237 0.14132091370341135 0.07048295970736553 0.5847761946348055 0.030968983808470997 0.17182859681165627 0.10413123444313373 0.7110148833585775 0.045496504794267485 60.0 0.0
550.0036098224734 0.2167 0.2333 0.3 221.3757 2342.1866 0.2565713853915506 0.06794093673537384 18.876409368803028 403.04271154044534 42.37066836574266 47.29427004959667 0.16131155410753573 0.07063878457415093 0.5377051803584523 0.03200052764340585 0.17437237734083896 0.09411866675852998 0.5812412578027966 0.07675765914303491 60.0 0.0
560.0036098224734 0.2 0.2333 0.3583 169.441 2394.4412 0.23740343598823943 0.058457467519441815 18.573290897132395 389.8786038152491 41.832348059171885 46.642022931371145 0.18804104896954318 0.07412185538034081 0.5247657180545392 0.029103180752875536 0.2522435667105559 0.13177988057979007 0.7039355350062024 0.0478437764882471 60.0 0.0
570.0036098224734 0.0583 0.3 0.4667 259.0834 2392.2088 0.27258772807684034 0.06295149009045065 19.06166237017815 407.3704060632613 41.87525725076302 43.29158707439231 0.19213909627952974 0.050960369747189725 0.41172663488470657 0.018205851878075736 0.34034998334420774 0.145900675000088 0.7293213928804452 0.02683292353030388 60.0 0.0
580.0036098224734 0.0 0.35 0.45 261.2217 2320.5029 0.2588397621183101 0.056403299003107955 18.862184187289433 398.9077032467918 41.629850111206544 42.68249749756133 0.1507491491065109 0.03228708810325612 0.3349981091255798 0.0096060115224788 0.293388886494771 0.122117367531599 0.6519753033217134 0.035987441336971536 60.0 0.0
590.0036098224734 0.0 0.325 0.375 204.0609 2293.1356 0.31307107450152927 0.08871461349266618 19.723063713745873 437.5023889234452 43.97650758251868 47.04182209796667 0.14019710261685098 0.0349050625381856 0.3579500492345132 0.0106587516911895 0.27166161567273855 0.12961193823586514 0.6936041251218856 0.036277186728524986 60.0 0.0
600.0036098224734 0.1333 0.2 0.375 231.4477 2347.5424 0.26300636170192493 0.07942262983766261 18.99465080614913 410.49928517594384 44.02375783812464 47.577685548423496 0.1448801972259162 0.05217397631546816 0.3863471926024432 0.04569656527037791 0.2680640089965005 0.1343740671110149 0.7148373573240012 0.036792077326264355 60.0 0.0
610.0036098224734 0.1083 0.2 0.4 246.3319 2346.7458 0.275791549643211 0.08454474693482562 19.224390520581363 420.5015373382227 43.92346186179207 48.30912881121553 0.16554351695727057 0.056954230369470726 0.41385879239317647 0.03924926239962188 0.29622961550563226 0.1443659395185254 0.7405740387640806 0.029450840090082184 60.0 0.0
620.0036098224734 0.2083 0.2167 0.325 242.332 2416.8086 0.2516326879616387 0.07750394250536762 18.84527556132175 405.34495694950743 44.240842893497174 47.83188091463815 0.14106651932287267 0.055238569976101735 0.434050828685762 0.04246727943661801 0.24538223933274433 0.1332327525329535 0.7550222748699824 0.02231326238347062 60.0 0.0
630.0036098224734 0.2 0.2167 0.225 266.3541 2320.6246 0.23549874413658983 0.06139877380384798 18.523829093315488 388.94179372230354 42.34828396140608 47.0032690802945 0.1222095765610319 0.05329029983277006 0.5056947995628907 0.025631345487258154 0.16252578570896878 0.09371297724504622 0.6725204925888364 0.04304890853545024 60.0 0.0
640.0036098224734 0.2167 0.2333 0.2417 211.7264 2330.3249 0.246754294118642 0.05748185430335016 18.69381022880668 393.4850085600945 41.77340376438289 45.347834028080314 0.15251631634985807 0.07841938108904425 0.631101998689068 0.02045897536489613 0.1586749836480518 0.09308211220378704 0.6565861392333179 0.05700164342034662 60.0 0.0
650.0036098224734 0.1833 0.2 0.3167 238.6719 2316.1627 0.2577063239455189 0.05169063591966641 18.86367347359359 398.1223878497443 41.19517260591548 43.8168909875866 0.1667014331887865 0.0745259264263613 0.5406532968284966 0.03855521809039194 0.23127670541623532 0.12941904015535846 0.7500866121607629 0.02783967394961749 60.0 0.0
660.0036098224734 0.1917 0.2167 0.4167 161.24 2396.5754 0.22531573573733782 0.03966080720711319 18.40439064360141 379.28230418427427 40.51882348952734 43.009748517707045 0.20575551172001696 0.07142374921075194 0.4938132281280407 0.028307971729542768 0.279209666560064 0.12298977444672961 0.6701031997441537 0.03140475085434696 60.0 0.0
670.0036098224734 0.175 0.225 0.325 160.7342 2368.2501 0.23972904332041678 0.04639937222249145 18.59813217978607 387.50361408049486 40.9198966821838 42.9130124378003 0.17511255254424038 0.07158573284971671 0.5388078539822782 0.023057597345707836 0.2375086344810355 0.1262802477468889 0.7307957984031864 0.02547774201734379 60.0 0.0
680.0036098224734 0.1667 0.1833 0.45 153.733 2452.3997 0.2670332651536506 0.05748044857183594 18.980992668608046 403.33684378601197 41.47127218511277 42.4011511648412 0.19623311416579992 0.060734965154299256 0.4360735870351109 0.029805730303102917 0.2879975420104421 0.12472514371909069 0.6399945378009825 0.050516599106481305 60.0 0.0
690.0036098224734 0.175 0.1917 0.4583 157.6462 2358.7548 0.2716326142695441 0.059799334099918625 19.04635638282627 406.1359717390263 41.71953443694832 42.68286361256666 0.19675589805728963 0.061132767981160185 0.42928559576135916 0.03304830833606548 0.2986498613449211 0.12722765734392907 0.6515996974798278 0.04613112720591254 60.0 0.0
700.0036098224734 0.1833 0.2167 0.4583 173.5179 2364.1868 0.27689499782764637 0.06418624797648438 19.126876628525682 409.9574465389695 41.98661288131442 43.383944900749505 0.19247022772859054 0.060033106026023866 0.41993504231692486 0.03500583439647843 0.2865441949127461 0.1208912736861164 0.6251873343550823 0.0507724903359328 60.0 0.0
710.0036098224734 0.175 0.2167 0.45 187.3678 2355.0894 0.28099939747995856 0.06767907431818913 19.192931110917176 413.12639470268834 42.25829108491492 44.06766034697447 0.19011650023757048 0.05888221944499027 0.41479963688197197 0.034834583737144854 0.2929253771675701 0.12156678215339331 0.639109913820153 0.042549977037577874 60.0 0.0
720.0036098224734 0.1667 0.2167 0.45 200.5068 2298.4374 0.28835894538198686 0.06992237238937801 19.29417005431762 417.13594617461416 42.334594187950586 43.845960895772265 0.18898459617432672 0.058878608525251876 0.4199657692762817 0.033364686184897 0.2951739497298461 0.12637458961867346 0.6559421105107691 0.04263872849216778 60.0 0.0
730.0036098224734 0.1833 0.1917 0.3417 216.5395 2403.2825 0.26588669367770085 0.06259408956062666 18.969520023108497 404.11479504828077 42.340346902150245 43.76132165457422 0.15628875583101975 0.05587316890654216 0.45743050487127734 0.025027469638125893 0.2478552840093932 0.13215886840846305 0.7254300995396875 0.03806430889819441 60.0 0.0
740.0036098224734 0.2 0.2 0.2417 253.8739 2294.938 0.24514055708506433 0.054200764692741876 18.67753981704949 392.1310729889843 41.70643204677491 45.086899158705414 0.1309094031481169 0.06247535101042108 0.5610402992062151 0.025095752030239074 0.14573648690422475 0.08468649903500652 0.6245849438752491 0.06308927258332853 60.0 0.0
750.0036098224734 0.025 0.375 0.4 214.737 2354.5008 0.2394133833217582 0.0494062101656612 18.571118328184046 387.1572457910157 41.26836164586069 41.98557575629259 0.14842998701693222 0.037237959376538926 0.37107496754233055 0.009907535692675213 0.2655413110183538 0.12390880813201262 0.6638532775458846 0.04367987985930165 60.0 0.0
760.0036098224734 0.0583 0.275 0.3 166.6775 2337.5584 0.23241215165619944 0.04700194407294304 18.463685103435743 382.8796332260252 41.220809988739575 42.01507804594209 0.1351644797534391 0.04371328354928087 0.4268351992213866 0.012731303124887877 0.22229635536118975 0.11950318880484585 0.7019884906142835 0.038508699035511934 60.0 0.0
770.0036098224734 0.0 0.375 0.4083 195.149 2325.4303 0.25973982330333384 0.062011515955841576 18.85741501062878 399.9935780243298 42.011186661422514 43.518062290767794 0.14722948341624345 0.03689460487876833 0.36056200020304513 0.012945783989260225 0.27176428306665934 0.1244741903320878 0.6655451830203901 0.04105330362846046 60.0 0.0
780.0036098224734 0.0167 0.3667 0.4 220.0995 2338.4724 0.2592568592439615 0.06379441557867431 18.850010905561437 400.1349327837589 42.2636927381816 43.1227571869662 0.14638564896683698 0.03784016301184296 0.3659641224170924 0.013740487621058563 0.27533948658346263 0.12972520273783622 0.6883487164586565 0.03810998316669008 60.0 0.0
790.0036098224734 0.0167 0.3667 0.4167 239.1124 2228.9338 0.27804812527583833 0.07421458727093583 19.140353113537298 412.8326425552775 42.7257594718153 44.546597313492384 0.143421959452273 0.034749929001113976 0.3442127026854552 0.013867455734832976 0.2801005602444743 0.12796672347530744 0.6722413445867383 0.04178321809968354 60.0 0.0
800.0036098224734 0.0 0.325 0.3833 253.5898 2345.9671 0.25380139685767233 0.06419293554178691 18.75967677881335 397.1202456533331 42.390034587327435 43.385721685215785 0.13303599953148756 0.033673275540676326 0.3470504335604024 0.013122775375915646 0.2650007674391405 0.1298859429980422 0.6913063498412361 0.04221934303888083 60.0 0.0
810.0036098224734 0.05 0.3417 0.3667 243.7746 2340.9744 0.2579837787321706 0.07026271797477762 18.825353408976518 400.9536091818729 42.96211710243161 44.059474355656285 0.14489274175928352 0.04243751585519941 0.3951620229798642 0.016246514108551404 0.2632901753079044 0.13208630270533997 0.7180641144761027 0.0313899721313521 60.0 0.0
820.0036098224734 0.0 0.35 0.3917 234.929 2306.6783 0.26839236949735895 0.07600539213482686 18.99940216455077 408.56937216462313 43.0685167845423 45.072305813590326 0.13436957972178257 0.035390147270192726 0.35052933840465017 0.0161331558647883 0.26574704382357917 0.12899659836013525 0.6932531578006412 0.03816837520326396 60.0 0.0
830.0036098224734 0.0 0.3333 0.3667 232.0297 2302.4928 0.276067951490022 0.08202747902519208 19.16130507478098 416.3607385042869 43.792338235826335 47.23618198992875 0.12296780056316159 0.032691854567451106 0.3353667288086225 0.017584725761130807 0.26798743382197654 0.13470719401380535 0.7308748195144814 0.02661385513504804 60.0 0.0
840.0036098224734 0.0 0.325 0.425 252.6866 2340.3959 0.2961846128835377 0.09128374001879191 19.483231032812803 430.1759254494585 44.67712959474137 47.07451217409943 0.12177824369673464 0.027690744445011354 0.29226778487216315 0.016403440036646073 0.2959629931309166 0.13956759779275696 0.7103111835141999 0.038627274743515246 60.0 0.0
850.0036098224734 0.05 0.3333 0.3917 264.253 2407.079 0.2816465304735417 0.09120831828964568 19.264357447784867 422.6071091428205 44.59734168225876 47.161649841815716 0.13143257171434067 0.034192225081379764 0.33557252352597616 0.01846082873771339 0.2914023451918512 0.14113300649478014 0.7440059877238755 0.02104470060291543 60.0 0.0
860.0036098224734 0.025 0.3667 0.3917 271.4862 2381.9636 0.2894320799925913 0.09510600889250699 19.406154659167935 428.87830910364426 44.96270829510226 47.14929324960646 0.13070958876605454 0.03383384028745453 0.3409815359114466 0.01617955167461494 0.2828218035614071 0.1378506108012848 0.7377960092906273 0.021400614061379202 60.0 0.0
870.0036098224734 0.0167 0.35 0.4 237.5316 2319.7938 0.2973355695340933 0.10188745891948714 19.566451151329794 436.95401785532874 45.56704488218319 47.66990822015301 0.12978438813380003 0.03260319939285494 0.3244609703345001 0.018039638194937705 0.29357557178738697 0.14312653373951295 0.7339389294684675 0.03230779940318353 60.0 0.0
880.0036098224734 0.0667 0.3083 0.35 207.1009 2385.1848 0.27059366507600274 0.09697560681335482 19.16407814689462 423.0547471592358 45.50242790275494 49.64204266506221 0.11664295806573301 0.031480895819171635 0.3332655944735228 0.017417707100710736 0.2656039398633549 0.1397536937335551 0.7588683996095856 0.022173938680802027 60.0 0.0
890.0036098224734 0.05 0.3083 0.3583 265.471 2420.3067 0.27624210018563167 0.0975649602123143 19.234531640986074 425.2142914251297 45.41362401580567 48.90579562212638 0.1249334885476482 0.034960578897512154 0.34865159594692524 0.019198163232468216 0.267384815441617 0.13903136452532053 0.7461901826277686 0.02813567166690851 60.0 0.0
900.0036098224734 0.0917 0.3 0.3583 238.5378 2457.272 0.2734662316833931 0.09688600472121586 19.20912815767833 424.38867942695487 45.93549281573824 48.872321302795996 0.12735391976425695 0.037175954752405524 0.3554062877142055 0.022350834741492014 0.27198546544883084 0.14182197780144698 0.7590292059037143 0.02334659869963923 60.0 0.0
910.0036098224734 0.025 0.3167 0.3667 238.513 2487.0995 0.2907028859814824 0.09994015755757922 19.45988497206013 433.0191663169875 45.193101681146366 48.34837139847056 0.11170820581623742 0.027923893991900792 0.304658743135193 0.01712661360034097 0.2624374821792323 0.12960721493348054 0.7157385877615428 0.026690104160793097 60.0 0.0
920.0036098224734 0.075 0.3333 0.3333 247.6642 2372.3184 0.26364962455694163 0.09178406761532289 19.041398954637746 417.2865929176543 45.10915701861231 49.694649094129 0.12028764245038502 0.03518098313433521 0.360862927351155 0.018306382837966335 0.24747778563290057 0.13128279295842102 0.7424333568987016 0.023686956677661488 60.0 0.0
930.0036098224734 0.05 0.3083 0.3083 184.6612 2441.5985 0.258459327319923 0.09246801212633635 18.973638117508177 415.7726604941201 46.33132765708546 49.31131012768931 0.11155846090517436 0.03291518070607627 0.35228987654265587 0.018763009665354952 0.23419381409345605 0.12675746463446502 0.7395594129267034 0.02383023349231256 60.0 0.0
940.0036098224734 0.0667 0.2917 0.2917 202.6037 2427.1514 0.25385135108778545 0.09325904860729785 18.94532292227785 416.36320201417817 46.52549060113734 50.70402435660977 0.10889364147827146 0.03606863286085969 0.3733496279255022 0.02460171368959489 0.21887822188994283 0.12245813556618416 0.7504396179083754 0.017966251472762092 60.0 0.0
950.0036098224734 0.0833 0.275 0.275 193.4913 2442.1412 0.23927908405411757 0.08790604280100489 18.70792168580616 407.5003951371044 46.609497499304354 50.02062335484587 0.10262664147305511 0.03429047540067845 0.3731877871747459 0.02339227403452409 0.2141748577991207 0.1269206041327143 0.7788176647240751 0.01848989831685098 60.0 0.0
960.0036098224734 0.075 0.2833 0.2917 178.8477 2453.2675 0.24824923698076184 0.09216636133269121 18.8718662818407 414.2665595195444 47.239575319177725 50.230874039942364 0.10496773427982287 0.0325884376633977 0.35988937467367843 0.019617601194696105 0.22760586184872109 0.1322610409614236 0.7803629549099008 0.018875686097275125 60.0 0.0
970.0036098224734 0.0833 0.3167 0.3333 198.5733 2445.7436 0.26966910408978834 0.09986814764680714 19.2485085325989 429.44734999225483 47.040576735810596 50.44640412564317 0.11061206366669804 0.030112017154855567 0.33183619100009415 0.016587773604165405 0.25390654744891744 0.13817081596259578 0.7617196423467524 0.02486868560425259 60.0 0.0
980.0036098224734 0.075 0.3083 0.325 210.2053 2429.9089 0.264026389283321 0.09879372141388743 19.182905324873673 427.6383611286083 46.88613921907722 50.77265247405396 0.1058449936228763 0.02910785146006145 0.32567690345500394 0.017675301906130432 0.23811539257189077 0.12724777443226518 0.7326627463750484 0.026614860049791727 60.0 0.0
990.0036098224734 0.075 0.2917 0.3333 249.4498 2493.9118 0.26583124930409724 0.10008101449532103 19.211005117242863 428.7717205360717 46.77481051086935 50.32174466439497 0.1083714939659294 0.029689759615695917 0.32511448189778824 0.0183187185951289 0.25005166903310866 0.1343176747970988 0.7501550070993258 0.02506672759375368 60.0 0.0
1000.0036098224734 0.0667 0.3 0.3 223.7209 2519.8209 0.25622181544947686 0.09745548248472635 19.055398231055673 422.994813704338 47.02759425853244 50.9115584955051 0.09700239872829396 0.02672024182835699 0.3233413290943132 0.015573099344070277 0.2260642801030776 0.12598667062767047 0.7535476003435921 0.019514210225896843 60.0 0.0
1010.0036098224734 0.0417 0.3083 0.3333 210.8297 2372.4065 0.2710849109409443 0.10163242736646616 19.27217199958269 430.1921414374041 46.76212333185199 50.63514814090852 0.10219787833318174 0.02621919409547611 0.3065936349995452 0.015728886583813915 0.25037068421267733 0.13513318093915316 0.7511120526380319 0.02657265252844631 60.0 0.0
1020.0036098224734 0.0417 0.2917 0.325 187.3368 2384.622 0.2689101327897721 0.10373638857458937 19.246911408289105 430.5829765951987 47.492873141049344 50.12406043063004 0.09886656029771396 0.025159339598841726 0.3042048009160429 0.014679767014735367 0.2543234969854714 0.14169894187053295 0.7825338368783736 0.019521526008941043 60.0 0.0
1030.0036098224734 0.0083 0.3417 0.3583 280.2866 2460.8161 0.29342460191926517 0.10928308234648017 19.676902232937053 446.6944207264769 47.009302354985145 50.69805468749118 0.09899679112360453 0.021998368723854897 0.27627011476354757 0.012187310835196726 0.2474499483244219 0.12306994450195752 0.6905579953239681 0.03542085228267094 60.0 0.0
1040.0036098224734 0.0 0.3333 0.3667 271.725 2377.3219 0.3116408802646975 0.11517372109241589 20.001554571586116 459.9059923901606 47.629513520933315 50.94497294123991 0.0925206250725921 0.018232899419838456 0.2523289774707057 0.009196437029707672 0.25784304052310186 0.12737748714756078 0.7032082923357322 0.03204189046686168 60.0 0.0
1050.0036098224734 0.0417 0.3 0.35 251.4071 2367.7672 0.3251908254101125 0.12130064756208918 20.226922669159446 469.05645749611153 47.374675648453724 50.39273966524726 0.09320260197381984 0.02003717892133336 0.26629314849662816 0.01093964814827118 0.2655773287331994 0.14009360675676735 0.758792367809141 0.023237348677946794 60.0 0.0
1060.0036098224734 0.0 0.2917 0.3667 239.6213 2400.6028 0.29512097622695926 0.1036411158917441 19.651826043460517 443.446147419581 45.9592287386353 50.9566755210404 0.1011471957085641 0.022727671378798296 0.26972585522283765 0.014964587593992745 0.2559216561952351 0.12406464253174693 0.6824577498539602 0.03782985543944192 60.0 0.0
1070.0036098224734 0.0667 0.3 0.3 227.0802 2472.0504 0.26001907908222643 0.09849952956999 19.06646633597842 422.7989120569789 45.991004976132196 50.9345500597799 0.0995592275143988 0.027974959132332212 0.3318640917146627 0.0158185427838191 0.22183504658226405 0.12358344439646812 0.7394501552742134 0.026497407810749284 60.0 0.0
1080.0036098224734 0.025 0.2667 0.3 229.2244 2382.5179 0.2558975235900512 0.09638408168834942 19.00288993323536 419.995603461251 46.964139044110965 50.18247775145612 0.09345205280068401 0.02711209154615826 0.3115068426689467 0.022314821875643317 0.22969225485040323 0.1311439873909149 0.765640849501344 0.023821301623009602 60.0 0.0
1090.0036098224734 0.15 0.2 0.25 202.2071 2468.8846 0.21842885210762084 0.07621263345949597 18.26062001033274 387.10520400515924 44.75509760088305 49.095324254438246 0.11239819210810088 0.04870624360852744 0.44959276843240364 0.04303571370047309 0.19937312132085389 0.12420440591341164 0.7974924852834155 0.016222529717822266 60.0 0.0
1100.0036098224734 0.1917 0.225 0.25 255.8013 2519.1416 0.2202359662336572 0.07563438598218612 18.287308382143447 387.68648203199587 43.700301579595894 49.08961564378454 0.13289256579196224 0.05945434479123179 0.5315702631678488 0.024734854302035585 0.18362338536994757 0.11362984895850599 0.7344935414797903 0.04771154725389282 60.0 0.0
1110.0036098224734 0.2 0.225 0.225 270.907 2456.9247 0.22515003830804756 0.07451965380921419 18.390045050951336 390.7472638983691 44.05643211012006 49.66348285357305 0.14759818304629135 0.07819849800497886 0.6559919246501837 0.011579313794293705 0.1517865318582258 0.09368959543337635 0.6746068082587815 0.0625466412219937 60.0 0.0
1120.0036098224734 0.15 0.1917 0.3083 226.3977 2354.8575 0.21069597575530977 0.057316917345720426 18.07092261540625 372.77607790479243 42.12130982519716 47.5733849366106 0.13973103750159416 0.05184688236260259 0.4531817432484134 0.025386775633236783 0.21333743666190777 0.12187670336804048 0.6919051999845657 0.06254881425676179 60.0 0.0
1130.0036098224734 0.1417 0.1667 0.3583 218.6055 2361.6459 0.22538336869114015 0.05980305837231241 18.250805647210605 378.8136888528355 41.853350174871245 44.48617978603649 0.12118079160367048 0.032745305089189894 0.34623083315334424 0.015221518130785244 0.25361532067705306 0.13202102986528663 0.7246152019344373 0.033565079099893716 60.0 0.0
1140.0036098224734 0.15 0.2 0.2833 274.8523 2381.4025 0.1909044731872524 0.04335999720642814 17.67863433087549 355.1765535662616 41.18745026722373 43.06254809608254 0.14710470675811788 0.06294163457382658 0.5191930826757103 0.027931525545149792 0.1936862056044951 0.108061672646313 0.6835983727217475 0.044625199924282564 60.0 0.0
1150.0036098224734 0.1333 0.175 0.3 202.1402 2383.4117 0.18391609709044807 0.04171411901098164 17.538818712725124 350.08021877213787 40.9462166422994 42.886574457512516 0.14404100285149876 0.059431027510972206 0.48013667617166245 0.03608300951758195 0.21416435897557307 0.11906726229853792 0.7138811965852436 0.0378977105716844 60.0 0.0
1160.0036098224734 0.1417 0.1417 0.2667 156.0173 2390.4374 0.17924664462611017 0.041380795114219084 17.43985152748484 346.6508497258611 41.12017355371967 42.44151875796305 0.12798304891987616 0.05636320462597573 0.47993643344953557 0.04199784783606709 0.20072195097082374 0.11800804613111955 0.7527073161405888 0.024112514874099013 60.0 0.0
1170.0036098224734 0.175 0.2 0.2167 198.304 2429.5161 0.17931987625130286 0.043463577097445714 17.430453652227193 346.8868787026053 41.119633212292314 43.29830007625962 0.13340513790559325 0.06978734699540337 0.5929117240248588 0.03648575206464301 0.164487718682264 0.10431718189419725 0.7310565274767289 0.047327359430535634 60.0 0.0
1180.0036098224734 0.1833 0.2083 0.225 198.4218 2383.1262 0.21443689858581258 0.06758301615703113 18.112214698982687 377.83431222656463 42.73671789665898 48.24002450734931 0.13435296677540737 0.06784890474327847 0.5971242967795882 0.023579058826562672 0.14624392266093264 0.09019622708778338 0.6499729896041452 0.07281820224897727 60.0 0.0
1190.0036098224734 0.1667 0.2 0.275 202.7082 2511.2654 0.23431321027663357 0.07743542163756606 18.558435634050927 397.55616781537725 43.75767649020453 50.118423907493394 0.15788969393396451 0.07638956230632124 0.5741443415780527 0.037614988894949415 0.16597647065138157 0.09707280044775649 0.6035508023686602 0.08863806456732953 60.0 0.0
1200.0036098224734 0.1417 0.2583 0.275 228.4259 2480.3135 0.22691480496073124 0.06862979275883016 18.305226392508565 383.45637927674835 43.42100040619772 46.20859172326578 0.15360420157178928 0.07245469909592767 0.5585607329883246 0.03617956971478849 0.1910071366013308 0.1097978554502092 0.694571405823021 0.047619390610053235 60.0 0.0
1210.0036098224734 0.1917 0.2 0.2167 223.072 2342.9995 0.2060484878096674 0.0565786479217142 17.961725338082672 368.82094915939507 41.819696410792425 47.670904184059935 0.14264900229912497 0.07841203710990478 0.6339955657738887 0.035393106482509096 0.13938016591057145 0.08323958261208234 0.6194674040469843 0.07214437163375607 60.0 0.0
1220.0036098224734 0.2 0.2167 0.25 200.424 2307.642 0.24160968354207432 0.07490825611033915 18.618401670153165 396.95762372817205 43.650591602110666 48.33113517909268 0.15041468126119711 0.07853153448563796 0.6016587250447882 0.041393280061524255 0.14865406358534364 0.08742378578255126 0.5946162543413747 0.08441860292299437 60.0 0.0
1230.0036098224734 0.1 0.2 0.35 201.6429 2479.59 0.22181429053420681 0.0527248094014828 18.21056994235906 375.5264052419396 41.3969100388983 43.0072508801163 0.16293939788377967 0.06546475499653975 0.465541136810799 0.04569796165526442 0.24321621699512253 0.12373696960405714 0.6949034771289215 0.037604375168944014 60.0 0.0
1240.0036098224734 0.125 0.2167 0.35 235.3581 2489.227 0.21762427670931506 0.055065115727891314 18.121403401293882 373.06856929162586 41.63253396556194 43.666694012430554 0.16747117647285392 0.06928855182883799 0.47848907563672555 0.04865740610685445 0.24364831474149415 0.12556081835530158 0.6961380421185547 0.04175449372414209 60.0 0.0
1250.0036098224734 0.1667 0.2167 0.3917 228.3338 2501.5061 0.2552671078112698 0.07487069666664659 18.751145363151238 399.8149423476514 43.29981137609623 45.40632585164275 0.17751957367024762 0.07348383057883018 0.46309454000934164 0.05913685079625441 0.24783830061904116 0.11516077022146957 0.6465346972670638 0.04103695927495829 60.0 0.0
1260.0036098224734 0.2083 0.2167 0.3917 221.5354 2424.5521 0.2625752152922323 0.08136117468733174 18.873835632130465 405.9316338709616 43.38712038610833 46.19220137546893 0.1753469053507425 0.07212701153173527 0.4476942264274277 0.06201050392419763 0.25800497535133876 0.12417413021901089 0.6587361072800139 0.05151839996020948 60.0 0.0
1270.0036098224734 0.2083 0.225 0.35 218.1137 2516.7793 0.24981607433862257 0.080593376395064 18.662290657977543 398.7481618913109 43.616171039241564 46.19241477656833 0.15857227303285049 0.06745976896766218 0.4641139698522453 0.055341488565898614 0.23587043573357647 0.118939961001482 0.69035249482998 0.03224974004292415 60.0 0.0
1280.0036098224734 0.225 0.2333 0.35 267.861 2493.0431 0.25782200931308324 0.08893174810604272 18.857132860735135 408.684189416653 44.675996311103184 47.168417097293165 0.1629759128164004 0.06902639123167807 0.4656454651897152 0.05597070651212246 0.24424868340502195 0.12130795195733478 0.6978533811572057 0.027818640425521932 60.0 0.0
1290.0036098224734 0.2167 0.2417 0.375 199.4383 2364.3692 0.26888140834660385 0.08990409341805378 19.0281972080597 414.55256737586774 44.41591648216286 47.2578874604018 0.17328432053840329 0.0732901445095307 0.462091521435742 0.06172809199415772 0.26771290327304353 0.13305928182191396 0.7139010753947826 0.03409124593253062 60.0 0.0
1300.0036098224734 0.225 0.2583 0.3417 162.1793 2345.1407 0.2605263586093508 0.08927022507804196 18.91059915048461 410.8210429991114 44.34559770049421 47.89624911382834 0.16948395578423636 0.07561308921561537 0.49605060229532594 0.05890551918277992 0.2504045869365335 0.13087524276960594 0.732891473960586 0.026903058296921734 60.0 0.0
1310.0036098224734 0.2083 0.225 0.3167 196.5888 2475.0245 0.23996451907341948 0.07964024687950269 18.569414372458347 396.4422194036355 44.45382837790998 47.96514117743919 0.15839690512115276 0.0736828852313867 0.5002007530141667 0.061388722777417554 0.23491153910578846 0.12857068918930234 0.7418259129656478 0.027305614122567518 60.0 0.0
1320.0036098224734 0.1917 0.2333 0.2583 278.4701 2437.5985 0.22826768277588452 0.06145192030881672 18.368208574349193 383.714188211001 42.254072240066684 47.18318722124224 0.17205996478280985 0.09068841009890481 0.6452248679355371 0.03298040041997628 0.16929041222756763 0.09673173500265454 0.6348390458533788 0.06624277591924324 60.0 0.0
1330.0036098224734 0.1833 0.2333 0.35 198.9288 2409.8952 0.22264364791800523 0.05447232646203019 18.237599215697607 376.8797956859401 41.982174550107274 43.697222563050346 0.17588398833571905 0.07470278864562008 0.5025256809591974 0.048670892931393 0.24780787004542057 0.1252659201687021 0.7080224858440586 0.029787025743797373 60.0 0.0
1340.0036098224734 0.1417 0.1917 0.3167 212.4296 2462.0032 0.2054713610679106 0.04390397689431635 17.97894445445086 365.4330484693227 41.215746442231904 41.72864966813023 0.16391428077054618 0.07281454744683756 0.5176240445385667 0.04615030709802957 0.2304124819950914 0.12791986774973282 0.7276183641950253 0.03986408909699297 60.0 0.0
1350.0036098224734 0.075 0.3083 0.4 289.0511 2463.1056 0.2605210167160926 0.0687076824145559 18.847076894346756 401.3243672891352 42.55376995356215 44.23357998932842 0.17604413999296725 0.0629715157151393 0.44947439998204397 0.03733293421656375 0.2916501903966959 0.14489272875688283 0.7446387839915639 0.030185425515915184 60.0 0.0
1360.0036098224734 0.05 0.1833 0.35 222.6433 2475.6278 0.23000811187847164 0.05358287432247912 18.36402988903814 381.0384837486442 41.43278857362684 43.47700128375444 0.12031642686423648 0.03141017476208862 0.34376121961210426 0.012481007534325754 0.2353905320420854 0.11265297704823567 0.6725443772631011 0.02579217374248422 60.0 0.0
1370.0036098224734 0.0 0.35 0.3833 264.4694 2467.2095 0.2859964569246046 0.08620039308379429 19.273766594906558 420.8308490923975 43.76639856808567 45.52376117243704 0.13266039949570096 0.03326048940716518 0.34607060738008943 0.012459293940538352 0.24584765394324073 0.11501474974114008 0.641341705938889 0.0448666897644301 60.0 0.0
1380.0036098224734 0.0083 0.3417 0.3917 241.1546 2368.0932 0.2815017228200991 0.08899739099496731 19.212945208546966 419.8590171451019 44.184841449479336 47.08278144623656 0.13343404254315108 0.033918192902278654 0.34808880663430714 0.013315435655814074 0.264849287537957 0.12515688488024268 0.690911184881627 0.030057922349421305 60.0 0.0
1390.0036098224734 0.0083 0.35 0.375 191.5472 2429.4176 0.287598161071568 0.09952052311578219 19.38824358295859 430.19822857853467 45.063554410101986 48.8559448332574 0.11938146491134545 0.028291955387273453 0.3255858133945785 0.00959780064938104 0.2575235053310312 0.12725672190716486 0.7023368327209941 0.03250147517353144 60.0 0.0
1400.0036098224734 0.0 0.3083 0.3833 273.4013 2449.9532 0.28600382728282836 0.09817531804476051 19.370070829863455 429.4217596457717 45.24026368143155 48.9453297480931 0.12260831164258729 0.028124977246774423 0.3198477695024017 0.009886414717049452 0.284005869903665 0.1394859776282294 0.7408848780095608 0.022846064915970524 60.0 0.0
1410.0036098224734 0.025 0.35 0.375 278.0348 2444.9686 0.2940770621152545 0.10141323862405666 19.530973528760555 436.30136795519235 45.12484419578256 49.475375878754804 0.12495373270908691 0.03016910845373829 0.33320995389089836 0.010623564600183488 0.26817393737021544 0.13152503665378365 0.715130499653908 0.028818800565258786 60.0 0.0
1420.0036098224734 0.0 0.3333 0.4 295.0945 2367.4197 0.30582406747486346 0.1018124233016121 19.731204900167814 443.61861109120224 45.937636590703875 49.08525341068743 0.13120406307981358 0.03017328239471926 0.32801015769953396 0.01046828711945303 0.2699405212371679 0.1265049925747056 0.6748513030929197 0.04123137904993791 60.0 0.0
1430.0036098224734 0.0333 0.35 0.3917 237.0471 2458.7915 0.30532939585070396 0.10408975818348339 19.730452774527432 444.43232160116605 46.482261766782706 48.79536797233758 0.13952597940804606 0.03508957352813543 0.35623654316947934 0.01189671328308824 0.2862489694706454 0.14033171884208878 0.7308484326910096 0.03103343394184341 60.0 0.0
1440.0036098224734 0.0 0.3667 0.3833 263.2813 2403.7841 0.2947487527966997 0.10067396778599125 19.543886118548627 436.57402555008775 46.36334045082172 48.23333826111322 0.1496916655237476 0.0413703120676749 0.39049999701847204 0.013276158009788978 0.28310742696951374 0.14068733674075773 0.7385411138335141 0.02820875473229736 60.0 0.0
1450.0036098224734 0.0 0.3917 0.3917 213.7388 2427.3132 0.30836132565205976 0.10241355124079267 19.77399587311225 445.1044103808767 45.70100366908466 48.901601565860005 0.15157832347573807 0.03977971142009971 0.3870084854699695 0.009814185845804903 0.27852341952143705 0.13241359544514705 0.7111236243100519 0.028228331720970633 60.0 0.0
1460.0036098224734 0.0 0.35 0.4167 279.1131 2395.9259 0.3238516293976683 0.10792153418392322 20.015484102948776 454.84431461444876 46.3023014119833 48.34137893049602 0.14857555846796056 0.037963102062582556 0.36385851053378093 0.014152395117293068 0.298216029799765 0.14162520486141966 0.7303249709382001 0.028957954884058733 60.0 0.0
1470.0036098224734 0.0 0.3417 0.4333 263.6519 2359.7289 0.3332154490434324 0.1073025034752575 20.15184468328105 459.3660887971062 45.99751717190582 48.617251551476706 0.15851137423283354 0.03746348539658786 0.3657954789988466 0.010104473839685331 0.28051205065445656 0.1276302691215798 0.6473355015102844 0.05569008263024449 60.0 0.0
1480.0036098224734 0.0 0.3583 0.425 201.5637 2280.6492 0.3424549285568452 0.11263786604935579 20.29738568183542 465.6776646767878 46.01310686060269 48.696924021001365 0.14895926158042985 0.03433834128155471 0.35750222779303165 0.0073170175903349375 0.29248823725154327 0.13568226117069568 0.7019717694037039 0.03620194079563808 60.0 0.0
1490.0036098224734 0.0 0.3167 0.4583 271.317 2450.5054 0.35361593860383134 0.11593801905770461 20.49499892978692 473.8339790960327 46.76246599633581 48.47474393953483 0.14418756876894873 0.031137033789122248 0.3327405433129586 0.00868367887974584 0.2930104287598076 0.13684990957017582 0.6761779125226329 0.05514688224218574 60.0 0.0
1500.0036098224734 0.0 0.3167 0.4 248.036 2338.5745 0.3695894899810218 0.126118479898762 20.818289516059057 488.9354951136345 47.23242191389237 48.67372946411133 0.13015009625688106 0.028577176727160317 0.3253752406422027 0.007482031287457624 0.2805174403509766 0.13235619295267512 0.7012936008774415 0.033748527233550756 60.0 0.0
1510.0036098224734 0.0167 0.325 0.425 213.8769 2439.9312 0.3824362511410608 0.13247766158980626 21.03570477394726 498.21440024569307 46.92471168126904 48.57736256128926 0.14238935629216778 0.03281888418214386 0.335033779510983 0.012275707356534991 0.29352799746770536 0.13748231000693123 0.6906541116887185 0.047445578497875084 60.0 0.0
1520.0036098224734 0.05 0.3583 0.4083 201.4316 2356.1115 0.37682993000087445 0.1290414172703587 20.895733607160643 491.4712809133628 46.67780230033402 48.34133694992268 0.1597259300801064 0.0429688660006172 0.399314825200266 0.011086552359181706 0.2850285171087419 0.13513044274882874 0.7125712927718547 0.031002057135598133 60.0 0.0
1530.0036098224734 0.0833 0.35 0.425 124.9794 2330.0624 0.37190910591609483 0.1260897146183304 20.822043469156473 488.46955847054295 47.00669822093537 48.51957598888606 0.16318617272660216 0.0425729882369888 0.3839674652390639 0.014855422080654889 0.31778882551152765 0.14842346613262694 0.7477384129683003 0.025328230770723617 60.0 0.0
1540.0036098224734 0.025 0.375 0.425 204.4363 2414.7719 0.37703451180525505 0.12655559172662417 20.864559145153272 489.29115594686124 46.373899640855925 48.07379624764983 0.16307703928447426 0.040918006086596084 0.38371068066935116 0.011032180077462912 0.3036671322096698 0.1385294140973735 0.71451089931687 0.030276609046962544 60.0 0.0
1550.0036098224734 0.05 0.3583 0.4083 189.2666 2400.2432 0.39024996213151186 0.13119320992101294 21.071494156989797 497.76605885774774 46.607476937666505 48.3650113376367 0.1586644811906852 0.04030361706886745 0.38856607638535157 0.008726340667052157 0.29446314001369117 0.13713717684915736 0.7211342204416927 0.02588865236554447 60.0 0.0
1560.0036098224734 0.025 0.3667 0.4083 181.9857 2369.1365 0.4063216119328047 0.13630630946169947 21.278562495806234 505.54154863840023 46.26839376281059 47.8299036390238 0.1305063937359277 0.02583233062823501 0.31960749486349643 0.002345396116702813 0.2901757745698635 0.13328709975203185 0.7106345499670126 0.025423557738002065 60.0 0.0
1570.0036098224734 0.0833 0.3417 0.4333 137.5164 2362.1495 0.3875804955274471 0.12215590032786283 20.879626110413735 486.7063350252111 44.91874671062665 47.94225250766626 0.13823569156630286 0.028028530988935582 0.3190054420760835 0.00660265510911431 0.3094608622568234 0.13609113406553058 0.7141404513619001 0.022881286351664344 60.0 0.0
1580.0036098224734 0.0917 0.375 0.4 296.2672 2390.4313 0.4026161220743569 0.1345187961290377 21.235481066671962 503.9730886618313 46.52038104312394 48.14432843707799 0.1357922203870985 0.027335165296029248 0.32590132892903645 0.003164165601242497 0.29689710384762225 0.13529173499072347 0.7125530492342934 0.026344304041108314 60.0 0.0
1590.0036098224734 0.0083 0.35 0.4333 302.3385 2392.507 0.3860161739550096 0.1254439275757606 20.97692506439723 492.99787991374916 46.85282153984195 48.209985401602324 0.13742203659487526 0.026304781492410483 0.31712777675740444 0.0032706968918810924 0.2989894715848886 0.13223763078297057 0.6899757036574352 0.03349384376966694 60.0 0.0
1600.0036098224734 0.0667 0.3333 0.35 281.2707 2356.265 0.351185397315629 0.10340025169063541 20.322353444790654 462.7857309057903 45.11072514972064 47.91517553729452 0.13585725297677614 0.03640642106866348 0.3881635799336461 0.005342604109474845 0.2529314658500421 0.12864498703415275 0.7226613310001204 0.0256492159890227 60.0 0.0
1610.0036098224734 0.0583 0.3333 0.3333 164.9992 2311.9336 0.3619990860788613 0.11153531934413252 20.54946977089978 473.7700633506382 45.501197596353414 48.09440860536344 0.12302745867891687 0.030518568088136435 0.3600803668651225 0.0033006894624193935 0.2561542672482094 0.13474559571859074 0.749719806580125 0.021581390063205898 60.0 0.0
1620.0036098224734 0.1 0.1167 0.3667 243.7345 2212.1665 0.31393940227068634 0.07678635876073395 19.661991774929014 431.86710476369234 42.167859039124274 45.85977839687439 0.11184486049287784 0.030747062956047917 0.3121251920731475 0.02311574767529031 0.24693463219388975 0.1198969207777105 0.6891199037969016 0.02773406390395546 60.0 0.0
1630.0036098224734 0.1667 0.2 0.325 176.3258 2293.1678 0.26244859766411643 0.04802154082016869 18.920016763252956 399.31001537492625 40.530417273854326 41.09432743303113 0.12161558209951007 0.038457846856280536 0.37420179107541557 0.02342825041336297 0.2437748517985939 0.13082224614745194 0.7500764670725966 0.01992145116025669 60.0 0.0
1640.0036098224734 0.25 0.2917 0.3417 256.36 2324.102 0.2777789746352881 0.06619491398599335 19.144135815082084 411.08889042148456 42.18624065919078 44.32588892543382 0.16421046534185849 0.06253284446595338 0.48061599612251266 0.03016391394752419 0.2302053571432107 0.12120685497759992 0.6737717770045192 0.05425629525563671 60.0 0.0
1650.0036098224734 0.2583 0.2833 0.325 211.885 2387.9816 0.269240603073691 0.07027086948855073 19.061298103094096 409.92320885740867 42.48952962819794 47.30702290677993 0.19613260310156813 0.08079827114985609 0.5740466432241019 0.018011063357232425 0.21937188894806572 0.11440923165753565 0.6420640652138508 0.06218712072818605 60.0 0.0
1660.0036098224734 0.25 0.275 0.275 171.1616 2310.7895 0.23946305100270493 0.050321280227021384 18.565541797287057 387.1593247821033 41.203004428443336 42.78502490107458 0.1851016195689464 0.08555046794818337 0.6170053985631547 0.016770714487447744 0.20490970950116286 0.1155656359265793 0.6830323650038762 0.057019249767562605 60.0 0.0
1670.0036098224734 0.2833 0.3167 0.3333 169.4349 2399.7913 0.2610576335500648 0.06717126477775186 18.92406010360072 404.2116157011283 42.30340655480077 47.16680358365636 0.1951955840893096 0.0837433953684972 0.5855867522679289 0.02105508198305486 0.19354469813021657 0.10127606748864966 0.5806340943906497 0.07850153818752052 60.0 0.0
1680.0036098224734 0.2583 0.3083 0.325 148.9329 2326.4808 0.255362032428627 0.06374682758190575 18.818730113174897 399.3635924050486 42.20726976096553 45.37123660193011 0.19810005065060546 0.09082585633834352 0.6424866507587204 0.006786554041075761 0.21794341846265305 0.12202228150213631 0.7068435193383342 0.048176232949011334 60.0 0.0
1690.0036098224734 0.275 0.2833 0.3083 228.1253 2418.3847 0.2627189193467631 0.06392532237602248 18.91559325295208 402.5429439739073 42.13443412924446 44.56596723959409 0.1960536212651161 0.09512014363568479 0.6535120708837203 0.0159123090720032 0.1956818235817311 0.10512077713861022 0.6522727452724371 0.051079633629100445 60.0 0.0
1700.0036098224734 0.2667 0.3 0.3083 153.1691 2331.949 0.29091432096310205 0.07200536905319119 19.325991612878116 418.74001828368716 42.267004709646194 44.18472889943246 0.21268383321214115 0.10739783148136978 0.6897854050123496 0.0167701947678411 0.19324182490110348 0.10217233184624255 0.6267302429224978 0.058509342585256835 60.0 0.0
1710.0036098224734 0.275 0.2917 0.3 195.6142 2319.5845 0.3146022766332901 0.08246198186767466 19.69808837992053 434.69477103306565 42.89998910981766 47.49020303247985 0.21337599224874254 0.1112632428933335 0.7112533074958085 0.014060513292250644 0.20233685516759575 0.11154099825200446 0.6744561838919859 0.05171777038391325 60.0 0.0
1720.0036098224734 0.2833 0.3 0.325 163.6038 2393.8732 0.336620099522724 0.09683442200383546 20.092819195771764 452.9961090126919 43.75794983974057 47.78285763390376 0.21897975333951908 0.11143022641447979 0.6915150105458497 0.022786985277051176 0.19887445386315955 0.10427416961354545 0.6280245911468196 0.05856719682976715 60.0 0.0
1730.0036098224734 0.2833 0.3 0.3083 159.0074 2237.3572 0.3326129331991068 0.09533105057342786 20.049241991607474 451.4873643250215 44.1997262363203 47.94976259551416 0.2161440168036412 0.10906409046915475 0.7010076220658634 0.011182852684355673 0.20790751122403942 0.11313466386462041 0.6742946309968847 0.050754965533871585 60.0 0.0
1740.0036098224734 0.2583 0.2833 0.325 176.1725 2341.8235 0.34179491458718725 0.10159070906801533 20.197417662225384 458.25101156367504 44.8997191136701 47.96976096635015 0.21048445751874675 0.10626563051850882 0.647644484673067 0.04220429189388474 0.20387605239920184 0.10729822888016716 0.6273109304590825 0.06339740711319926 60.0 0.0
1750.0036098224734 0.275 0.3083 0.35 177.876 2322.3389 0.334281719211087 0.0925130236402172 20.022244012002943 449.00883628420627 43.57278333255892 47.612483090576454 0.21919259801790247 0.10147399275023496 0.6262645657654357 0.03336940669212088 0.22992787239823193 0.12214616350056047 0.6569367782806625 0.06716203779535038 60.0 0.0
1760.0036098224734 0.2833 0.2917 0.3417 208.4754 2305.5233 0.35032669046693105 0.1009994430177323 20.284649415833275 460.60863910755256 44.42060429253294 47.932610229585734 0.21411662407420654 0.10284408627279368 0.6266828021684094 0.04094932487937538 0.21284616885437074 0.1093050626698702 0.6229643966469388 0.06330628075388679 60.0 0.0
1770.0036098224734 0.2667 0.3167 0.3333 197.1396 2370.9292 0.34709778130940844 0.0992452450117606 20.239025981771842 458.6724075253938 44.29044228463063 47.912034383739 0.23179693170183163 0.11580486358568866 0.695390795105495 0.02270827065551054 0.2202693135649332 0.11412524838731077 0.6608079406947996 0.049652503550818926 60.0 0.0
1780.0036098224734 0.0917 0.3833 0.4 243.5486 2356.05 0.2971234833765758 0.06418515232514621 19.394859370449947 419.432111984525 41.30490791655771 43.180469916620545 0.19176711890877862 0.06721644543580393 0.4794177972719465 0.02934731884760436 0.2902800790461542 0.13702365674746753 0.7257001976153856 0.024224697458747977 60.0 0.0
1790.0036098224734 0.275 0.3 0.4583 187.032 2323.6107 0.2655103276331705 0.048867936415819505 18.96368771472565 401.0421823620506 40.33688572379359 41.445988908956465 0.24022978679846532 0.09048121115166417 0.524137716651197 0.047831243555151656 0.3099267612263671 0.12585224215006235 0.67620384267571 0.025076453112083417 60.0 0.0
1800.0036098224734 0.1917 0.3167 0.475 189.8517 2292.8822 0.249776251010475 0.04292571858263584 18.751264929775513 392.30228826062734 40.08425099327244 41.403890172778844 0.25020230682918726 0.0865463273228303 0.5267416985877627 0.03564495896000873 0.33557672784734865 0.14046627429704586 0.7064773217838919 0.03177881644580118 60.0 0.0
#####################################################################
# End of data export. Simulation finished at: 2024-12-18T05:29+0000 #
#####################################################################
