#####################################################################
# Alchemist log file - simulation started at: 2024-12-18T00:44+0000 #
#####################################################################
#
# Algorithm = bc_re, CamHerdRatio = 1.0, NumberOfHerds = 2.0, Seed = 50.0
#
# The columns have the following meaning: 
# time 3-coverage 2-coverage 1-coverage CamDist ObjDist NoisePerceivedNormalized[mean] NoisePerceivedNormalized[variance] NoisePerceived[mean] NoisePerceived[variance] NoisePerceived[percentile90] NoisePerceived[max] BodyCoverage[mean] BodyCoverage[variance] BodyCoverageOnlyCovered[mean] BodyCoverageOnlyCovered[variance] FovDistance[mean] FovDistance[variance] FovDistanceOnlyCovered[mean] FovDistanceOnlyCovered[variance] ClusteringDistance[mean] ClusteringDistance[variance] 
0.0 0.0 0.0 0.0 0.0 0.0 NaN NaN NaN NaN NaN NaN NaN NaN NaN NaN NaN NaN NaN NaN 60.0 0.0
0.001024349099180366 0.0 0.0 0.0 0.0 0.0 NaN NaN NaN NaN NaN NaN NaN NaN NaN NaN NaN NaN NaN NaN 60.0 0.0
10.00102434909918 0.0 0.0 0.0 185.0 2380.6179 0.02870206234120615 8.659099671753241E-4 12.033727258561443 138.25326138356465 23.719162439353923 24.030087444870563 0.0 0.0 NaN NaN 0.0 0.0 NaN NaN 60.0 0.0
20.001024349099183 0.0 0.0 0.0 200.0 2242.5111 0.020597456583827094 7.484219031303447E-4 16.037334861479938 134.95465660880527 25.901805284408116 26.365261777207714 0.0 0.0 NaN NaN 0.0 0.0 NaN NaN 60.0 0.0
30.001024349099183 0.0 0.0 0.0 200.0 2173.2208 0.003867454477529229 2.426029057261756E-5 24.12526694474903 12.638056988862072 28.470892440006512 29.488384928325214 0.0 0.0 NaN NaN 0.0 0.0 NaN NaN 60.0 0.0
40.00102434909918 0.0 0.0 0.0 200.0 2214.6619 0.005620660514896266 5.814518078645539E-5 24.563511489952393 13.81288827337139 29.06265473898354 30.63173315178453 0.0 0.0 NaN NaN 0.0 0.0 NaN NaN 60.0 0.0
50.00102434909918 0.0 0.0 0.0 200.0 2253.6562 0.0032638985826794983 9.493750002875468E-5 22.870147117152847 22.992593813688863 26.930220077335616 28.220930575981363 0.0 0.0 NaN NaN 0.0 0.0 NaN NaN 60.0 0.0
60.00102434909918 0.0 0.0 0.0 200.0 2079.8803 0.019389379217364167 7.630923568795986E-4 15.315251044321174 116.49111966729713 24.135498844551744 24.809763541533925 0.0 0.0 NaN NaN 0.0 0.0 NaN NaN 60.0 0.0
70.00102434909918 0.0 0.0 0.0 200.0 2024.7318 0.02859024716579196 8.723468046160832E-4 10.940849660600797 114.32345384442208 21.700664264911286 22.09377866984902 0.0 0.0 NaN NaN 0.0 0.0 NaN NaN 60.0 0.0
80.00102434909918 0.0 0.0 0.0 200.0 2110.4641 0.028600812794298894 8.717376660015393E-4 11.228814595730771 120.490423840252 22.364605041042044 23.102737450331436 0.0 0.0 NaN NaN 0.0 0.0 NaN NaN 60.0 0.0
90.00102434909918 0.0 0.0 0.0 200.0 2126.1848 0.028969287664145985 8.508743434231778E-4 12.465144734782125 148.73083232391076 25.0921349174629 26.51362574263316 0.0 0.0 NaN NaN 0.0 0.0 NaN NaN 60.0 0.0
100.00102434909918 0.0 0.0 0.0 200.0 2147.4898 0.0315815929149013 7.262112228787502E-4 13.726898355242414 181.0240031286003 28.191876118174548 30.48018489339138 0.0 0.0 NaN NaN 0.0 0.0 NaN NaN 60.0 0.0
110.00102434909918 0.0 0.0 0.0 200.0 2186.4385 0.03311251928046512 6.659132184716208E-4 14.063354652548027 190.18228819351575 28.966264602796052 30.588310361697815 0.0 0.0 NaN NaN 0.0 0.0 NaN NaN 60.0 0.0
120.00102434909918 0.0 0.0 0.0 200.0 2135.1754 0.029557030515374953 8.185545027939142E-4 13.020866086016467 162.38485329807474 26.280422499714653 27.317771358081885 0.0 0.0 NaN NaN 0.0 0.0 NaN NaN 60.0 0.0
130.00102434909917 0.0 0.0 0.0 200.0 2115.2181 0.028661488583597922 8.682476608263772E-4 11.77695136920113 132.57992546530318 23.543196113554764 24.19378629634936 0.0 0.0 NaN NaN 0.0 0.0 NaN NaN 60.0 0.0
140.00102434909917 0.0 0.0 0.0 200.0 2224.954 0.028588773600591106 8.724318293029778E-4 10.79905756071225 111.40202825938817 21.445116441825448 21.886515688321808 0.0 0.0 NaN NaN 0.0 0.0 NaN NaN 60.0 0.0
150.00102434909917 0.0 0.0 0.0 200.0 2138.5686 0.0538757560862306 2.690797828058447E-4 1.6924019790956832 31.48332994935858 0.0 20.291419053949028 0.0 0.0 NaN NaN 0.0 0.0 NaN NaN 60.0 0.0
160.00102434909917 0.0 0.0 0.0 200.0 2104.0868 0.058823529411764754 0.0 0.0 0.0 0.0 0.0 0.0 0.0 NaN NaN 0.0 0.0 NaN NaN 60.0 0.0
170.00102434909917 0.0 0.0 0.0 200.0 2187.5822 0.058823529411764754 0.0 0.0 0.0 0.0 0.0 0.0 0.0 NaN NaN 0.0 0.0 NaN NaN 60.0 0.0
180.00102434909917 0.0 0.0 0.0 200.0 2291.4452 0.058823529411764754 0.0 0.0 0.0 0.0 0.0 0.0 0.0 NaN NaN 0.0 0.0 NaN NaN 60.0 0.0
190.00102434909917 0.0 0.0 0.0 200.0 2198.4679 0.058823529411764754 0.0 0.0 0.0 0.0 0.0 0.0 0.0 NaN NaN 0.0 0.0 NaN NaN 60.0 0.0
200.00102434909917 0.0 0.0 0.0 200.0 2149.1886 0.04947779116887492 4.667654764495456E-4 3.2513371822763535 56.51226549048636 20.362105374979745 21.202622216345432 0.0 0.0 NaN NaN 0.0 0.0 NaN NaN 60.0 0.0
210.00102434909917 0.0 0.0 0.0 200.0 2237.616 0.033538319398679725 8.558212963896267E-4 9.074662350339747 110.42368562897182 21.67022241371824 22.615206437248588 0.0 0.0 NaN NaN 0.0 0.0 NaN NaN 60.0 0.0
220.00102434909917 0.0 0.0 0.0 200.0 2221.9061 0.03025208864146888 8.715691099955397E-4 10.662649959585151 121.5487448342726 22.523539794310878 23.096859412517922 0.0 0.0 NaN NaN 0.0 0.0 NaN NaN 60.0 0.0
230.00102434909917 0.0 0.0 0.0 200.0 2178.3938 0.030250483972879237 8.716665066672567E-4 10.734538127573055 123.05103650866305 22.27897276835113 22.546490678222774 0.0 0.0 NaN NaN 0.0 0.0 NaN NaN 60.0 0.0
240.00102434909917 0.0 0.0 0.0 200.0 2192.3336 0.030239362769088802 8.723451135156695E-4 10.396053402676976 115.42058140507287 21.636129375852594 21.91999886872534 0.0 0.0 NaN NaN 0.0 0.0 NaN NaN 60.0 0.0
250.00102434909917 0.0 0.0 0.0 200.0 2205.8818 0.03903256118481504 7.797723717587421E-4 6.906351301821606 94.9945409905165 20.76871803674757 21.107346988400618 0.0 0.0 NaN NaN 0.0 0.0 NaN NaN 60.0 0.0
260.00102434909917 0.0 0.0 0.0 200.0 2141.252 0.05552501387247887 1.8487794476851135E-4 1.1301152147384042 21.702107024966523 0.0 20.298386714755424 0.0 0.0 NaN NaN 0.0 0.0 NaN NaN 60.0 0.0
270.00102434909917 0.0 0.0 0.0 200.0 2109.5332 0.058823529411764754 0.0 0.0 0.0 0.0 0.0 0.0 0.0 NaN NaN 0.0 0.0 NaN NaN 60.0 0.0
280.00102434909917 0.0 0.0 0.0 200.0 2199.2556 0.05387575667734602 2.690797185114042E-4 1.6997904243481616 31.75927704435515 0.0 20.43646003901104 0.0 0.0 NaN NaN 0.0 0.0 NaN NaN 60.0 0.0
290.00102434909917 0.0 0.0 0.0 200.0 2147.7064 0.051127042569540655 3.9720790943485246E-4 2.689296820438567 48.50935853283793 20.304211072561746 21.07668941796672 0.0 0.0 NaN NaN 0.0 0.0 NaN NaN 60.0 0.0
300.00102434909917 0.0 0.0 0.0 200.0 2168.3869 0.04947788271568604 4.667563322107188E-4 3.2865824227414415 57.748483791171935 20.528481014130648 21.323734234520142 0.0 0.0 NaN NaN 0.0 0.0 NaN NaN 60.0 0.0
310.00102434909917 0.0 0.0 0.0 200.0 2138.3578 0.05057732156958512 4.21000909852913E-4 2.8871029806626654 51.62525486645475 20.369847795763608 21.140452068197693 0.0 0.0 NaN NaN 0.0 0.0 NaN NaN 60.0 0.0
320.00102434909917 0.0 0.0 0.0 200.0 2154.7694 0.0555250151033122 1.84877806795039E-4 1.1373106581931447 21.980374397044006 0.0 20.48960272345291 0.0 0.0 NaN NaN 0.0 0.0 NaN NaN 60.0 0.0
330.00102434909917 0.0 0.0 0.0 200.0 2133.1463 0.058823529411764754 0.0 0.0 0.0 0.0 0.0 0.0 0.0 NaN NaN 0.0 0.0 NaN NaN 60.0 0.0
340.00102434909917 0.0 0.0 0.0 200.0 2168.6407 0.058823529411764754 0.0 0.0 0.0 0.0 0.0 0.0 0.0 NaN NaN 0.0 0.0 NaN NaN 60.0 0.0
350.00102434909917 0.0 0.0 0.0 200.0 2119.9771 0.058823529411764754 0.0 0.0 0.0 0.0 0.0 0.0 0.0 NaN NaN 0.0 0.0 NaN NaN 60.0 0.0
360.00102434909917 0.0 0.0 0.0 200.0 2129.7503 0.058823529411764754 0.0 0.0 0.0 0.0 0.0 0.0 0.0 NaN NaN 0.0 0.0 NaN NaN 60.0 0.0
370.00102434909917 0.0 0.0 0.0 200.0 2118.882 0.058823529411764754 0.0 0.0 0.0 0.0 0.0 0.0 0.0 NaN NaN 0.0 0.0 NaN NaN 60.0 0.0
380.00102434909917 0.0 0.0 0.0 200.0 2179.8855 0.043430611399388856 6.74821459524085E-4 5.405312218676073 83.23879547806949 20.859190216079856 21.193599775455173 0.0 0.0 NaN NaN 0.0 0.0 NaN NaN 60.0 0.0
390.00102434909917 0.0 0.0 0.0 200.0 2078.0126 0.030265987403335252 8.707235595837252E-4 10.70119742072956 122.7077673843279 23.141054239355796 23.60216476845408 0.0 0.0 NaN NaN 0.0 0.0 NaN NaN 60.0 0.0
400.00102434909917 0.0 0.0 0.0 200.0 2072.6488 0.03066345460436204 8.471221318997338E-4 11.713923862178598 147.4420503198817 25.601388802702793 26.478925536594964 0.0 0.0 NaN NaN 0.0 0.0 NaN NaN 60.0 0.0
410.00102434909917 0.0 0.0 0.0 200.0 1950.0306 0.032646678180531755 7.504373087877278E-4 12.648490051783599 172.75065918051615 28.121559047454667 29.9332587509802 0.0 0.0 NaN NaN 0.0 0.0 NaN NaN 60.0 0.0
420.00102434909917 0.0 0.0 0.0 200.0 2070.8938 0.033358823677579835 7.232252260237768E-4 12.886410951853563 179.13945885695796 28.454940646054325 30.70072868509635 0.0 0.0 NaN NaN 0.0 0.0 NaN NaN 60.0 0.0
430.00102434909917 0.0 0.0 0.0 200.0 2201.4107 0.031091991120894683 8.221361848170921E-4 12.250543394708412 160.83104746321982 26.31519931119322 27.389605216903874 0.0 0.0 NaN NaN 0.0 0.0 NaN NaN 60.0 0.0
440.00102434909917 0.0 0.0 0.0 200.0 2126.0269 0.0303551381527556 8.653021030455236E-4 11.37612494672939 138.31124111163547 23.902030732318558 24.428663627098473 0.0 0.0 NaN NaN 0.0 0.0 NaN NaN 60.0 0.0
450.00102434909917 0.0 0.0 0.0 200.0 2164.309 8.362149733324574E-6 6.115774390731829E-11 21.355000603795624 0.2700417916251648 21.927365775056934 22.194449152802186 0.0 0.0 NaN NaN 0.0 0.0 NaN NaN 60.0 0.0
460.00102434909917 0.0 0.0 0.0 200.0 2073.2197 0.00452266689350515 2.405554758071678E-4 20.249991663960497 35.85359077271505 24.163890412678988 24.602542172865974 0.0 0.0 NaN NaN 0.0 0.0 NaN NaN 60.0 0.0
470.00102434909917 0.0 0.0 0.0 200.0 2194.5419 0.03006597916161991 7.935118765176518E-4 13.158712513671125 166.43116640057778 27.248809571914567 28.181874306444815 0.0 0.0 NaN NaN 0.0 0.0 NaN NaN 60.0 0.0
480.00102434909917 0.0 0.0 0.0654 200.0 2161.0914 0.03907193349828632 7.939130579675169E-4 14.440160382586386 202.75707385287538 30.867210935112396 33.7989257453654 0.017282344091603032 0.004330414818994229 0.2641729739716462 4.118578708967129E-4 0.03762467824860565 0.02145217375934528 0.5751200818001152 0.01834326921441497 60.0 0.0
490.00102434909917 0.0 0.0 0.0935 115.9958 2176.466 0.04462063248097424 0.0011676222213317588 14.871565645591016 215.410028844018 31.70589629340228 35.28465316381078 0.026036649510088467 0.0067025882411557 0.27859214975794655 7.638395655621582E-4 0.05973923341232565 0.03891695028824526 0.6392097975118847 0.04679601234802491 60.0 0.0
500.00102434909917 0.0 0.0 0.1495 107.6163 2117.8123 0.04815348625658673 0.0011423750698347634 15.19279135596258 224.54141260061095 32.818471601875366 34.83624131155894 0.04218056071388137 0.01036146331949679 0.2820824997740816 0.001037392875643232 0.0758205680376315 0.04107357978370652 0.5070500487516608 0.057021372637710455 60.0 0.0
510.00102434909917 0.0 0.0 0.1308 109.5255 2098.1237 0.05476103182717544 0.0015567682505853765 15.605766851805422 236.71486851090674 33.60438114299245 35.47619822453069 0.04545201863291683 0.011962464469603602 0.30396037460763126 7.200324158365948E-4 0.07724531812837952 0.045362759801361854 0.5165780649835382 0.07848386499166059 60.0 0.0
520.0010243490992 0.0 0.0 0.1869 110.488 2153.3829 0.059376272779530656 0.001583066902415095 15.938912681378179 246.17280754381224 34.1645660937672 35.211374524164604 0.061080935661173216 0.015536701467194268 0.3112219102735969 6.026982217229068E-4 0.10684450603628583 0.06098367443919357 0.5443981974229803 0.07309986161770435 60.0 0.0
530.0010243490992 0.0 0.0 0.2523 107.2293 2107.0607 0.0634682778871061 0.0015558422281528163 16.208234674258048 253.86512197556976 34.1818830535315 35.448487840686425 0.07781395841316327 0.018278506918281777 0.30837383519290623 6.868703978919653E-4 0.13444700682588367 0.0692594548591113 0.5328085085322056 0.061951595399397284 60.0 0.0
540.0010243490992 0.0 0.0 0.271 111.1544 2108.7763 0.07010090172919876 0.0016005990508315253 16.55721871041808 264.1690518716767 34.4281165599784 35.28078544764307 0.08397808207847082 0.019279033533418154 0.3098501649102199 4.988926155495995E-4 0.14563480796977604 0.07219020043282941 0.5373422225091737 0.05529336419729159 60.0 0.0
550.0010243490992 0.0 0.0 0.2991 109.5433 2170.214 0.07259553124943482 0.001385535733181121 16.72943842828088 268.9794354225642 34.25009478563077 35.15565690518367 0.0928847214045804 0.020631601847017497 0.3105832871965658 7.521496119667357E-4 0.15901488980046657 0.07670355288579614 0.5317060377703101 0.057722204216862874 60.0 0.0
560.0010243490992 0.0 0.0 0.3271 114.4349 2234.8333 0.07524602305186229 0.0012723065069206324 16.889980186157345 273.51272933925856 34.2419154603427 35.30343103890939 0.10306848919296872 0.021364891947525538 0.3063424539902126 6.544719696749843E-4 0.16482817792745183 0.07451537306413682 0.48990597328437074 0.06186736030313211 60.0 0.0
570.0010243490992 0.0 0.0 0.3364 108.0617 2162.5083 0.07681316229373246 0.001202475746393809 16.977899062259112 276.02439740715215 34.17593240863757 35.3902490494566 0.10629305860435298 0.021773154013352333 0.3073880343423181 5.785922503223242E-4 0.1621415291486516 0.07105273568148132 0.46889577348393846 0.06137962615431217 60.0 0.0
580.0010243490992 0.0 0.0 0.3271 112.6224 2187.9565 0.07309363537617183 9.699832194364327E-4 16.858934145162873 272.1852522868287 34.10555154524778 35.35058379067277 0.10179365657262342 0.02169046301554714 0.31119775009344874 5.40475967842129E-4 0.15755888687732506 0.0697743402271896 0.48168002559639367 0.056817244713924256 60.0 0.0
590.0010243490992 0.0 0.0 0.3551 108.7879 2136.2646 0.07468606216417291 0.001267728006333905 16.86093635249619 272.68319578142047 34.28223200601338 35.57736219757813 0.10936358709695462 0.022200336654249225 0.3079448373519512 7.961349874426825E-4 0.16991870334210019 0.07618302621694449 0.4784552962527558 0.06664335227817679 60.0 0.0
600.0010243490992 0.0 0.0 0.3364 109.7944 2147.3728 0.07580404081256666 0.0016698140928133455 16.812038653828605 271.8628836695935 34.399996736627095 35.50336557385816 0.10372055383264786 0.021731484311983032 0.3082805350025923 9.517246115239498E-4 0.1813882831364721 0.08441725210501909 0.5391262859889587 0.05728726094494733 60.0 0.0
610.0010243490992 0.0 0.0 0.3084 107.4376 2118.4251 0.07255803083285874 0.0016986824722486685 16.63592557173815 266.79797127757877 34.42824370504 35.33990027134319 0.0936878559947539 0.020211491137839387 0.30377577549814144 0.0011365805782247685 0.1715971764506444 0.07897064281917225 0.5563908448551197 0.04080409025946433 60.0 0.0
620.0010243490992 0.0 0.0 0.2617 109.2276 2133.9852 0.07210818643455612 0.002134802397176386 16.54816276510845 264.53898849759724 34.847891158938076 35.474473109992076 0.07805241207704147 0.017672410655284305 0.2982717175801228 0.0012625998352732012 0.14683965721389136 0.06940329826515745 0.561137261495942 0.03138409514793388 60.0 0.0
630.0010243490992 0.0 0.0748 0.2523 109.8999 2144.2252 0.09207936323211725 0.006835720704552671 16.992184571115214 280.3420039201234 36.264778299009386 38.32322042334631 0.0802558971781534 0.021273795589478395 0.31805114807638574 0.008191688980451807 0.16458503511160863 0.08984923119589078 0.6522443984052637 0.03600173575899968 60.0 0.0
640.0010243490992 0.0 0.1215 0.2991 155.2892 2211.6058 0.1289206895474698 0.018135412167313188 17.760991105837366 307.5385239770067 38.54906153774942 40.47736082697668 0.08326456151753854 0.02009767297848427 0.287397034915375 0.010389141353348614 0.19780521691559852 0.10625493979085585 0.6827470390312594 0.033305107670736946 60.0 0.0
650.0010243490992 0.0 0.1215 0.3271 159.561 2249.2355 0.14200143767430115 0.02323350211985677 18.018114094186892 316.73095664231226 39.269177029750516 40.722937192108446 0.08454780843407024 0.018645890103508526 0.27413986371047017 0.00816556014274747 0.19106035717377645 0.0921154669904782 0.6194987338664872 0.031421170258107534 60.0 0.0
660.0010243490992 0.0 0.2056 0.2243 169.3442 2093.1484 0.09902996747066081 0.01357962284792951 21.97772854120753 208.49602342981748 37.30781759206526 38.8941977345911 0.07236314840552496 0.018212206065166506 0.3097142751756468 0.0038632515901820923 0.14164569073108055 0.08142656068743118 0.6062435563290248 0.06623870313722471 60.0 0.0
670.0010243490992 0.0 0.0748 0.2617 142.2925 2141.8583 0.11628161841307813 0.023668126675047328 25.129964919835135 148.29352349640797 38.56674998035653 40.56813691376726 0.06966752707877265 0.015003501110616189 0.2662294784795955 0.004633878334625212 0.171818135702904 0.0872754827231626 0.6565907328646688 0.012551100483221677 60.0 0.0
680.0010243490992 0.0 0.243 0.2897 149.1237 2100.8229 0.09467385330122004 0.01648666206671089 27.73040298006259 55.2544331377449 37.51795902646125 38.708287257721146 0.08552534806125864 0.019444635556794914 0.2952003949211185 0.004745017107936118 0.16920159883629815 0.08042220117635211 0.5840184217898033 0.03382242234083885 60.0 0.0
690.0010243490992 0.0 0.0935 0.3458 121.804 2102.5417 0.0988650447740477 0.01659104933975142 27.924995053720675 55.59624309384534 37.601708499810876 38.67733236503145 0.1000263761272444 0.020876562907606207 0.2892654660977067 0.005208981286956401 0.22324396357430407 0.10890773850094998 0.6455974081743389 0.04042832171975192 60.0 0.0
700.0010243490992 0.0 0.1121 0.2617 109.2675 2170.3783 0.09917805388333861 0.017002419369021703 27.970885424802347 55.10200401874215 37.71857184403043 38.72926582068878 0.07496842309478235 0.017971344078988167 0.2970970841163597 0.004735787699685858 0.15833325269381873 0.0833125187624939 0.6274688162310593 0.03396894991538691 60.0 0.0
710.0010243490992 0.0 0.1495 0.3178 126.7733 2151.1711 0.10940880444743463 0.02003562394805274 28.245579072323597 57.052776637193965 37.862386574266495 38.939821471394154 0.08103758672034557 0.016997462944502224 0.279710379970225 0.0026344984979158937 0.19905132630361014 0.1028211670638858 0.6870481262737511 0.016848260343755504 60.0 0.0
720.0010243490992 0.0 0.1121 0.3551 109.3265 2027.5778 0.12491466460212466 0.024523613402719822 28.58217130501359 60.822480695961666 38.40903092069245 40.16591930090334 0.09831685127290041 0.0186603379356112 0.27683955490000905 0.0027014670359766656 0.23740859059493152 0.11317121313028834 0.6684926103594124 0.028255196996223284 60.0 0.0
730.0010243490992 0.0 0.1308 0.2617 95.6521 2171.3145 0.0977654655642165 0.016486965445074588 28.118456761022557 52.52372938512653 37.51811592913182 38.810320691906654 0.0716054862528392 0.016518316804829663 0.294684116502069 0.0016704250243723647 0.13370353304729005 0.07458896311668164 0.5502414629253859 0.07789290611869296 60.0 0.0
740.0010243490992 0.0 0.1589 0.3084 121.5787 2122.8466 0.10843628368879013 0.02043383821240884 28.331541895060106 55.290459234595914 37.9777152027646 40.07099394914719 0.07938595719567758 0.016907743615301465 0.28314324733125007 0.002118820666548392 0.19281419110096454 0.10413678351205906 0.687703948260107 0.028564477714600786 60.0 0.0
750.0010243490992 0.0 0.215 0.3738 148.615 2092.7296 0.11997954221876458 0.02120629437762123 28.71253118354338 57.076581225224125 37.901613941521525 39.800151314151 0.11114140028449052 0.02256996198199891 0.3049264059087303 0.0023131453688364475 0.21311442792941307 0.09894314758169877 0.5846985586781334 0.05301710848102031 60.0 0.0
760.0010243490992 0.0 0.1495 0.2991 91.4914 2111.1536 0.10448246777988303 0.017338892441771534 28.46423125874975 51.916085608874 37.616606642125724 38.84172386027005 0.08454921931014936 0.018877341591691372 0.3015588822061994 0.0013021540549301815 0.16744868577502392 0.08698032272762153 0.5972336459309187 0.05239493267318926 60.0 0.0
770.0010243490992 0.0 0.2243 0.3178 132.7523 2129.067 0.10333760817248312 0.0170671086593654 28.4791699530262 50.87323421390255 37.64464154048481 38.33018308291942 0.09076508278281321 0.01983089060619783 0.3034957455550317 0.0011633280336101016 0.1980885216105753 0.09851659264458759 0.6623584941353611 0.019430248527910993 60.0 0.0
780.0010243490992 0.0 0.1402 0.1682 110.9302 2104.4001 0.10960414262413044 0.01930595592096795 28.595295573968006 52.26386070940382 37.908685684115255 38.816788179772146 0.06504765452179881 0.017631810071632226 0.3314332873253559 7.450741045065609E-4 0.1299542310627072 0.07503209761024307 0.6621477487480797 0.027659840718912067 60.0 0.0
790.0010243490992 0.0 0.1402 0.1682 81.9733 2138.0381 0.09505519482114982 0.015520015099586441 28.382421972461863 47.26280225993712 37.42606362433854 38.41370454932743 0.0676855968429398 0.018054751594801192 0.3291981300997527 9.445741067379247E-4 0.1290340334919973 0.07286723804858244 0.6275746174383505 0.04003600360485678 60.0 0.0
800.0010243490992 0.0 0.1495 0.1589 95.2274 2104.8438 0.10068963632264179 0.018315606228836358 28.472657274903117 48.38564542101826 37.813736547246904 39.206493753380094 0.06947877411989047 0.019091874478716304 0.3379194923103764 0.001337569914474435 0.13740143541062264 0.08144149803061726 0.6682706176789375 0.03942784341618719 60.0 0.0
810.0010243490992 0.0 0.0654 0.2991 122.282 2087.5631 0.09802350878177 0.018108532138495982 28.48320992030021 46.50714750983132 37.66608700362646 39.34926228398938 0.0875850402856366 0.019394230243017164 0.3023096551794554 0.00144917842866599 0.19352182416627384 0.10000351299255007 0.6679624253481065 0.025873634769678064 60.0 0.0
820.0010243490992 0.0 0.1776 0.271 127.8767 2121.1729 0.10170728515241716 0.02017947306345672 28.598461140295264 46.492336808125316 38.068279045693906 39.53751875784944 0.080028855217421 0.018572458983060015 0.30582455386657315 0.0013026787289650223 0.16229544865971005 0.08384329329792017 0.6202004645210348 0.034651399642806724 60.0 0.0
830.0010243490992 0.0 0.1308 0.271 111.5723 2098.6768 0.09885880697494072 0.018320331162884184 28.778315199760485 43.30683738296182 37.829615285606856 39.109522390188694 0.0669306622228015 0.017591507391124136 0.32552640262908006 6.069275736501874E-4 0.14038254111617016 0.08606049798758264 0.6827696317922821 0.046440630214657753 60.0 0.0
840.0010243490992 0.0 0.1308 0.2243 109.6524 2125.963 0.0947286284055955 0.01689612578748496 28.81451624696212 40.77203936344111 37.62393615256858 38.83087551172822 0.06730635681716789 0.016820418930462797 0.31312087736682453 5.755574871242742E-4 0.14227544234997663 0.0846171994824876 0.6618901013672825 0.04814017093541885 60.0 0.0
850.0010243490992 0.0 0.1963 0.2243 117.9858 2160.5455 0.09465560267176047 0.015972064343918586 29.04770857365975 38.39220612779328 37.54475922115716 38.56554870322321 0.08643485230242619 0.022559339560761133 0.34253811838368897 8.735176848105055E-4 0.15636596930445743 0.0928216137395024 0.6196725450213681 0.0802859693883524 60.0 0.0
860.0010243490992 0.0 0.0374 0.2991 114.1073 2114.8968 0.10786658817167286 0.020896696099911367 29.397985214413065 40.03203588846994 38.32979399453123 39.184890069302 0.09749617248079136 0.021651323615536677 0.3161239531952932 4.4673496125259706E-4 0.2070746633673118 0.10473957070607293 0.671423908494011 0.025431668361241826 60.0 0.0
870.0010243490992 0.0 0.1589 0.3271 110.1327 2154.2103 0.11917626266677254 0.024802646753335628 29.78618604860116 40.314038723847794 38.56655370313636 39.59792425869081 0.09748237991040114 0.02262824544900088 0.3259567078254038 4.989143742135457E-4 0.20423698993003453 0.11071818051404837 0.6829174350785528 0.04114038826291478 60.0 0.0
880.0010243490992 0.0 0.1495 0.3178 116.2893 2074.6516 0.11815614795984737 0.02400463836861872 30.02344936045787 37.0578295089032 38.35389587052642 39.79820551310275 0.0993351352895336 0.02345435188796988 0.33215185862437796 3.7371174647132024E-4 0.2100852084573907 0.11287709031783892 0.7024724157794002 0.028920702607976984 60.0 0.0
890.0010243490992 0.0 0.1028 0.2617 109.8201 2043.0193 0.0994955707881018 0.01836500325531341 29.854961452129782 30.74524830124746 37.776697148772506 38.94740852218445 0.06834565587014278 0.018278984010841392 0.3324084171866035 3.0882121677906034E-4 0.14503781525156 0.09112123693715266 0.7054111923598599 0.045828131850431206 60.0 0.0
900.0010243490992 0.0 0.1776 0.1963 140.0211 1928.648 0.098015028136921 0.01715226725414949 30.15120207127286 27.256763105548366 37.54384717957173 38.94243945744708 0.07375074976879112 0.019020763908468373 0.328805426052527 1.5131731503171148E-4 0.15695416529521972 0.09633505676400492 0.6997539869411878 0.04763842928691081 60.0 0.0
910.0010243490992 0.0 0.1869 0.2897 101.2971 1997.1529 0.10385283607883496 0.01917779662520427 30.52907923663809 25.69456905556924 37.9535765500301 39.08663372126386 0.08874857896940995 0.021468594633898993 0.3274516534388574 3.186876832313227E-4 0.18498990719434458 0.09844731908203419 0.682548967923961 0.020956126593263374 60.0 0.0
920.0010243490992 0.0 0.1121 0.2991 101.215 2103.8339 0.1110567794742952 0.022217828853131078 30.97436802609085 23.982796949307144 38.34950571108739 39.888523988843055 0.09500256176417472 0.02148672687014942 0.31766481589895923 4.5710326709305914E-4 0.20767752959959573 0.11010384807937063 0.6944217395986482 0.027574952996957988 60.0 0.0
930.0010243490992 0.0 0.1682 0.1682 100.3418 2117.6024 0.10481763245301588 0.017235552545866464 31.406681443996824 18.10416115837205 37.86005147641424 38.87360869282444 0.06845768833564095 0.01830797634713404 0.3329533023597082 1.534454056581313E-4 0.13951090943202674 0.08605939088733006 0.6785303322375845 0.051237753200197265 60.0 0.0
940.0010243490992 0.0 0.1869 0.2056 122.1542 2124.7288 0.11280303159439997 0.016760171838904485 32.05245830392589 15.095048736305726 37.8268319454055 39.06095781898419 0.0800840532380765 0.021270204563052595 0.3427597478589674 1.573046775076134E-4 0.16692791591601475 0.10140858440890763 0.7144514801205432 0.040409767757257846 60.0 0.0
950.0010243490992 0.0 0.2991 0.3084 113.3189 2062.639 0.12749890076126041 0.018593855971837606 32.70640059847639 13.533001790343077 38.23294022591152 39.3417240317594 0.1040628108272502 0.024606106222589394 0.337415780561084 3.102219824329257E-4 0.1764747184087017 0.08782714709803348 0.5722059051433661 0.057411461553925784 60.0 0.0
960.0010243490992 0.0 0.2243 0.2897 150.8579 2135.0909 0.15406041250655703 0.016220760144842392 33.79782066746213 10.130586111069709 38.12026763122491 39.28370457216495 0.09536113188434389 0.022613751085181134 0.3291497132782193 3.8542781634044954E-4 0.1937855642900782 0.11266193045053591 0.668872754162528 0.06970684786266083 60.0 0.0
970.0010243490992 0.0 0.1869 0.3364 111.577 2139.7522 0.19705931476634025 0.02204608574477161 34.821388149569955 9.835231282623523 38.76765944377998 40.932345924196845 0.1024132772327727 0.02388196785411515 0.33206729284565695 4.652879093109252E-4 0.1778611108416587 0.08326289786931171 0.5767011775774994 0.038608952535708306 60.0 0.0
980.0010243490992 0.0 0.2804 0.3271 130.2592 2132.7391 0.24894389450136287 0.04163800216285669 35.9071376321344 13.227881428836625 40.031718273442294 46.768806053314236 0.10882350240708515 0.02464691910217778 0.33268899307308886 1.722929782013882E-4 0.20478308072116352 0.0985566980738212 0.6260511324904141 0.03577273719409088 60.0 0.0
990.0010243490992 0.0 0.1589 0.2991 132.3729 1998.1677 0.2843399666479781 0.06227412073995928 36.60427525780067 21.350687761230912 43.393648645730636 50.65322888059661 0.08286040905781751 0.020572476236473083 0.3283727321920916 1.5209877063673556E-4 0.17253482481356078 0.10430654444646954 0.6837491205574445 0.062263497414668204 60.0 0.0
1000.0010243490992 0.0 0.1215 0.215 179.4196 2084.2731 0.3591093711696469 0.049751002719426 37.967901426409 12.077888972453197 43.79346094095562 46.11552170341697 0.09214722530189673 0.03244390782867609 0.41082304613762294 0.012912578918795343 0.12358797194095238 0.06440529720287609 0.5509963749034127 0.05108478122831024 60.0 0.0
1010.0010243490992 0.0 0.243 0.3271 139.5269 2050.7863 0.25206718544032 0.007219019010115837 36.4192241624276 2.0716830129272226 37.96211075676002 40.09959110513874 0.1777252846970711 0.06678989383063753 0.4754151365646652 0.0363763662273252 0.22712901632035734 0.10866112947436955 0.6075701186569559 0.058263946070204166 60.0 0.0
1020.0010243490992 0.0 0.0 0.4579 101.245 2040.4144 0.2820313493372496 0.01491545547398809 36.837341493147555 3.9333090874549717 38.703954246133755 43.85587348710962 0.12056771931207415 0.018903047364852075 0.263280529926366 0.003387943849782009 0.25727289075789195 0.09333709167345161 0.5617999859407028 0.03147185719926724 60.0 0.0
1030.0010243490992 0.0 0.028 0.4206 111.5554 2029.2505 0.1750994925483058 0.0072833835062486255 34.94070960155701 2.906700979219212 37.53084603191318 38.26446117238224 0.1131760543287908 0.02004094694982172 0.263257343764796 0.006819562284845818 0.20015387424932496 0.06934745441580974 0.46557531618864717 0.037032028164112975 60.0 0.0
1040.0010243490992 0.0 0.0 0.3832 69.9926 2071.2646 0.1337200515010095 0.00517560175054348 34.00673030774917 2.8904983668625115 36.62375559878096 37.43699437688687 0.10820579464312338 0.01875476403885996 0.26925627969335353 0.0029371249257012363 0.2002048566852069 0.07611756264638288 0.4981841782631893 0.04012315599398455 60.0 0.0
1050.0010243490992 0.0 0.1682 0.2897 108.4949 2008.3763 0.19217592302385186 0.01587925243008327 35.09315533639976 5.45753040928211 39.20894952539237 40.03446811345283 0.12074551902296782 0.03928211032223322 0.4167667914663728 0.011312559352458904 0.19397284673859377 0.10030017890262191 0.6695191806783721 0.025393660519501173 60.0 0.0
1060.0010243490992 0.0 0.215 0.2897 143.8565 2026.4401 0.2229483960608286 0.02229703625210621 35.465692017321814 8.34648598492672 39.412694536169276 40.1485333527209 0.12888522709297814 0.04362127892753402 0.4448619128693116 0.008876992925502822 0.198486745576151 0.10777690424953672 0.6850994121499405 0.03632107480679782 60.0 0.0
1070.0010243490992 0.0 0.1402 0.243 126.0021 2020.694 0.23058347399429785 0.03336208359798846 35.52961138436978 11.535705257230196 39.52039007741316 45.017617081110345 0.10575023547446634 0.04681595264827705 0.452611007830716 0.0432360786204084 0.13579472960395333 0.07912940650309494 0.5812014427049202 0.07983089513373358 60.0 0.0
1080.0010243490992 0.0 0.1402 0.3458 124.6044 2085.9776 0.17371553381496269 0.018620882626630343 34.289566105415716 9.92927056018669 38.4904305582094 39.695050866655215 0.13070474864686205 0.050038647229980096 0.4661802701738079 0.02111498374186101 0.19514766166136968 0.10827952407906367 0.6960266599255518 0.03513363678346547 60.0 0.0
1090.0010243490992 0.0 0.1495 0.1589 121.6517 2085.9887 0.15096976196245412 0.022413494508602885 33.308840808518404 14.370670520858043 38.742868095088554 39.662492344179725 0.10016157034604879 0.051040245678828054 0.5640677908961694 0.02435830326614001 0.11493869389040243 0.07043375776120864 0.6472863287512137 0.0510518191726475 60.0 0.0
1100.0010243490992 0.0 0.1776 0.2991 119.8555 2057.2112 0.13502076833227397 0.021408717315648647 32.518889008892764 17.585439084374556 38.38001193393281 39.09261326594289 0.13718301466548252 0.05670504189080566 0.4892860856402209 0.029046911732809447 0.1766346855641427 0.09592855037841477 0.6299970451787756 0.055169583846105874 60.0 0.0
1110.0010243490992 0.0 0.1589 0.3458 136.484 2061.1811 0.14473617761403973 0.027126114009200446 32.094120625356 24.754625877963406 38.75655568791244 39.18159308984663 0.13969234868571326 0.05570746611190958 0.49823604364571067 0.01882102228734146 0.18351832104340737 0.0975674660977939 0.6545486783881529 0.03768215413603727 60.0 0.0
1120.0010243490992 0.0 0.2243 0.3364 116.7659 2106.0949 0.1277261683652094 0.023083177603137148 31.430908260307106 25.814581584172114 38.30157949056327 38.956129872645356 0.18547649574439415 0.06917544683975459 0.5222627643328993 0.017533570685485663 0.22739495634965917 0.11254118075660564 0.6402963244582509 0.05089066168592047 60.0 0.0
1130.0010243490992 0.0 0.1776 0.2897 105.9935 2129.6097 0.1099962013661576 0.017825598795376894 30.758684324971718 26.409956838585114 37.75061588989984 38.25358007524535 0.12701838571261648 0.053763345877659977 0.4686540438362056 0.037705557670796815 0.1729807399329521 0.10103909084902676 0.638239281821582 0.0749536278050903 60.0 0.0
1140.0010243490992 0.0 0.1589 0.1963 107.5295 2040.5312 0.11136561664605121 0.01968964115682776 30.50866280751867 29.27248324880272 38.098783554561685 38.680337323922785 0.11758738216834634 0.052411648167055847 0.48391730353896373 0.03786106496279447 0.15947178836238002 0.09532787296407977 0.65628774441441 0.06509378925376368 60.0 0.0
1150.0010243490992 0.0 0.1589 0.2523 105.4236 2089.4475 0.10195333711247648 0.01658579986452978 30.04358980664335 30.52753021645789 37.69891249180606 38.12366741562177 0.11784384092265372 0.053801630610404376 0.504371639148958 0.034547140229245384 0.14128104473879374 0.08332594500831787 0.6046828714820371 0.07613631207306366 60.0 0.0
1160.0010243490992 0.0 0.2336 0.3084 115.7784 2120.5275 0.11843435776385458 0.02395925094334308 29.975075741060124 37.59399645940747 38.698345408070196 39.07869450207383 0.17611235171796724 0.06890392650941572 0.5384006181092142 0.014024949424745628 0.21545615253848563 0.11353717120149823 0.6586802377605132 0.05343932479781505 60.0 0.0
1170.0010243490992 0.0 0.243 0.3364 140.4502 2175.7323 0.10625870577656216 0.018622901548380002 29.494544122870405 38.22959912394464 37.97635145744002 38.361021695577634 0.15749742704641204 0.06697498237381602 0.5436201514182609 0.019744040702125362 0.18206286595440607 0.09702591984725499 0.6284105373264984 0.05298568412555437 60.0 0.0
1180.0010243490992 0.0 0.2336 0.3271 139.8915 2118.0946 0.0971737049444268 0.015006030210899792 29.031452452081727 39.833996893520336 37.39761697952748 37.821200319902175 0.17468916953181268 0.0704822413004432 0.5340497468543988 0.022177726195493203 0.20084154287022118 0.09922380922127226 0.6140012882032476 0.048203006531403345 60.0 0.0
1190.0010243490992 0.0 0.2243 0.3364 131.5045 2205.8985 0.12233669017443338 0.023277110236319298 29.14096297530339 50.21743811276589 38.3482921609713 38.78322525064701 0.17303241192946148 0.060457219087050866 0.4628617019113095 0.026728976570195212 0.23189127767352052 0.10500406915174255 0.6203091677766673 0.03827856932581108 60.0 0.0
1200.0010243490992 0.0 0.1682 0.3084 133.3216 2089.9341 0.12291279401695132 0.023457917590979288 28.899072881092078 53.75466839866456 38.38034955982833 39.0700788210673 0.14541361485168913 0.06705841598953766 0.5762687699678051 0.015554080673791429 0.17999753273582597 0.10218611192833711 0.713323555656792 0.021538825367623367 60.0 0.0
1210.0010243490992 0.0 0.1776 0.3925 124.1273 1985.5264 0.10518634686868877 0.015953342804046037 28.424260372234425 52.101463150939594 37.384461716789765 37.74483010207205 0.17588804018074114 0.06004793448387481 0.4480957214128405 0.03029577972845195 0.2376705709264895 0.10698335098253116 0.6054940735508185 0.04844407961403509 60.0 0.0
1220.0010243490992 0.0 0.0093 0.4206 113.5328 2105.8034 0.11463961314370627 0.01882278112152828 28.375558628017952 57.610744789680034 37.74040643884859 38.09461686514223 0.12779048183726133 0.024978135006997176 0.31076321719515826 0.003390457934737034 0.2402009626860207 0.10018186032652959 0.5841250683500957 0.04139327345507226 60.0 0.0
1230.0010243490992 0.0 0.215 0.3364 55.8316 2130.0795 0.10377028012008804 0.0161932162848227 27.863541136428402 62.47820118102665 37.42705186404507 37.882685097974544 0.16541491042843443 0.057924746506937116 0.4538306516882688 0.02724312844800549 0.2451903386632253 0.1182395534011627 0.6727016983837206 0.03467040967876591 60.0 0.0
1240.0010243490992 0.0 0.1963 0.3178 112.6728 2036.7325 0.10694958531891695 0.01724088021837117 26.53653083594179 103.08417170238673 37.794960657406016 38.39965668970195 0.15349051478427245 0.06717364947242213 0.5474495027305718 0.022421630436328506 0.18561310683585722 0.10332033466495827 0.6620200810478907 0.05138710221022976 60.0 0.0
1250.0010243490992 0.0 0.2617 0.3458 137.8646 2147.6057 0.13404903065533022 0.02268161111348821 24.47958950005254 182.73161767405426 38.62881255240783 39.03930313465496 0.1843754633448844 0.0668994545814666 0.5058506302026315 0.019716420300143547 0.23253738948931044 0.11130798660061415 0.6379871968040056 0.04501176118793316 60.0 0.0
1260.0010243490992 0.0 0.2243 0.3178 115.7951 2212.8516 0.1320511055281166 0.01897079628232486 22.58903299606452 226.39714772610137 38.22877606146435 39.09016772811422 0.154316750366947 0.058552537113024855 0.4856438908606861 0.022294875079951215 0.19944048848501852 0.09813269466241849 0.6276509490557936 0.03830296264057424 60.0 0.0
1270.0010243490992 0.0 0.1308 0.3364 125.349 2158.2361 0.15077605415050807 0.019202149301290085 19.11109784003138 308.6620336035847 38.554760861867 39.251737965641325 0.15114074177793047 0.054237015652478036 0.4370826856821232 0.031245932386184425 0.23407827542783924 0.11627351593496955 0.6769290667778053 0.03425515253955589 60.0 0.0
1280.0010243490992 0.0 0.1215 0.1402 143.7635 2079.4543 0.13923259374281752 0.01412728095363056 17.72991088905054 318.64503188804895 38.074652675644764 38.54371424566474 0.09549913309894485 0.04718105087888908 0.5378109074519526 0.02674830861523537 0.10170256319402488 0.058570269988665824 0.5727460137768771 0.06013731692749654 60.0 0.0
1290.0010243490992 0.0 0.1589 0.1682 116.7038 2171.0254 0.1387472289320595 0.013001927872511901 17.338646102948424 323.5569730421935 37.88918479044389 38.25427316602553 0.11328925394746094 0.057132773297284195 0.5772357224942057 0.021606899756879676 0.12037865988390374 0.07082962044748224 0.6133579336941762 0.057905602196416585 60.0 0.0
1300.0010243490992 0.0 0.215 0.3084 106.644 2213.2167 0.13405346767217208 0.012802284878368734 17.22668271163955 319.7410817863104 37.95300996922196 38.277068998281706 0.15511053915838172 0.06387919602728963 0.5186508653108389 0.023792858948170983 0.1774444342539468 0.09056943017543163 0.5933298270366346 0.0549719012018604 60.0 0.0
1310.0010243490992 0.0 0.215 0.2804 128.2376 2116.2529 0.14262538573939304 0.0172620071927764 17.33583117468622 324.53910294540754 38.73123575717408 39.283900882416695 0.12890866620388602 0.04914972599108936 0.4597742427938601 0.02228161575031704 0.17747059416254904 0.09261675360111442 0.6329784525130915 0.04026124493550879 60.0 0.0
1320.0010243490992 0.0 0.2243 0.2523 129.146 2129.5799 0.14895405924172886 0.017633061317506974 17.478607766859177 329.4380592160051 38.43185893921498 39.269623261995704 0.14370557143573587 0.050927555636016586 0.4522498865771687 0.019817891682075362 0.19843977738313603 0.09557665220709918 0.6245016523528104 0.03286452747173243 60.0 0.0
1330.0010243490992 0.0 0.0935 0.271 137.5671 2190.361 0.13227576578542072 0.013998860318245607 17.155256399655602 317.61381506716543 38.124198926819815 38.85054121900206 0.11453843397075764 0.05054668611886552 0.49022449739484264 0.031403580753823955 0.16366795518867713 0.09734889037513447 0.700498848207538 0.038239450988160284 60.0 0.0
1340.0010243490992 0.0 0.1121 0.2617 117.1326 2099.9046 0.12978537786717279 0.013587934496829098 17.105777680551185 315.8110220000152 38.28267501356609 38.72404918287167 0.10654663844628806 0.04494288408602629 0.4560196125501129 0.03249093570540593 0.15540992916240123 0.09119299328301533 0.6651544968150771 0.04958270845703083 60.0 0.0
1350.0010243490992 0.0 0.1682 0.243 121.0118 2150.5287 0.11709020360495535 0.011471140042974318 16.819781574688957 305.68918787113154 37.953911530753416 38.66421000989165 0.12302477147841645 0.05399777049484912 0.5062942518534831 0.0271415266804021 0.16387253233953086 0.09446169765677925 0.6743984984742233 0.04244773527167221 60.0 0.0
1360.0010243490992 0.0 0.1963 0.243 143.591 2112.9986 0.1618827445784778 0.026597774232891162 17.635121784968327 336.72266679957323 39.95066123669301 40.71539935564118 0.10687862000729505 0.03972889981268958 0.4398466284915604 0.01613748504135641 0.15545870913652127 0.08422409723441474 0.6397723799079915 0.03486564211162186 60.0 0.0
1370.0010243490992 0.0 0.0748 0.1776 118.2553 2159.7144 0.1296470489761356 0.014438149629683988 17.082853173106283 315.2436188767182 38.39334714221282 39.10206152322124 0.09405387477361758 0.04572478119886168 0.5296718210935307 0.025715018857876634 0.11866058679104477 0.07559758138398497 0.6682464624548311 0.05752367218780938 60.0 0.0
1380.0010243490992 0.0 0.1682 0.1963 98.2488 2125.4194 0.11816600313557869 0.011841681130406822 16.828242925113052 306.1513504794786 38.02277515622424 38.650728509405766 0.10498606059012504 0.05010969161214933 0.5349289753877801 0.02409299651204884 0.1330261387102185 0.08515367169977059 0.6777998496187324 0.06360454371225263 60.0 0.0
1390.0010243490992 0.0 0.1495 0.1589 97.4838 2119.6063 0.11659087077063221 0.011649473732958108 16.777457239328225 304.5207390748724 37.886830452269955 38.629637841924314 0.09639417541431813 0.04734878991380166 0.5428514089122125 0.023007383589930177 0.10506915275605504 0.06448454018610361 0.5917052286788361 0.07580023103161296 60.0 0.0
1400.0010243490992 0.0 0.1682 0.2243 128.0435 2161.253 0.11960616903494575 0.012358340898059648 16.849938322843077 307.0571236009427 37.94082430702237 38.81923489791443 0.10591329197245403 0.04254916121439547 0.45330888964210325 0.02388638635713856 0.14377918538460954 0.07748068351417152 0.6153749134461288 0.03990616433610994 60.0 0.0
1410.0010243490992 0.0 0.1028 0.2056 131.5974 2211.0375 0.11845397999831257 0.012529955315219865 16.808360581787863 305.73950405642796 38.16293748035114 38.771039796817384 0.09499802144354204 0.04407527143239413 0.4840375378313809 0.0358737224786346 0.11345682151109132 0.0697189315308676 0.5780895191279416 0.08748107974033216 60.0 0.0
1420.0010243490992 0.0 0.1682 0.2336 144.8031 2145.7915 0.11567014091008139 0.010835200093978554 16.78674066536074 304.51191111995377 37.82928993871923 38.37308730516325 0.11696250878545224 0.05157968148284976 0.5005995376017356 0.02775971901557094 0.1558437453625195 0.09015860436477315 0.6670112301515834 0.04303961423332727 60.0 0.0
1430.0010243490992 0.0 0.1028 0.215 129.8243 2101.5332 0.11261852090398634 0.011391288786186851 16.66656415278857 300.79142640642397 37.785944249486356 38.608211168170634 0.0947918962303035 0.03978915829490976 0.44098838681054237 0.03210328388863965 0.1442740519990018 0.08719728189722645 0.6711879810388345 0.050398684917993666 60.0 0.0
1440.0010243490992 0.0 0.1682 0.215 110.3882 2211.6534 0.11578922725559126 0.01294974819974887 16.69931120288799 302.41985872306395 38.103292383409915 39.0129945243882 0.10390022440516512 0.045896634434998765 0.5053329096069394 0.01915171523687662 0.13751510274287726 0.0813747455324626 0.6688234542494486 0.03847572924116744 60.0 0.0
1450.0010243490992 0.0 0.1028 0.2336 138.6546 2256.0779 0.12158550575145706 0.013575829340004288 16.851860423036307 307.62178553727324 38.174728746200735 39.04050830044986 0.10169451485026276 0.0415611308087262 0.4352525235591246 0.03233044748449037 0.1427715045378112 0.08595100641094022 0.611062039421832 0.08153926863980857 60.0 0.0
1460.0010243490992 0.0 0.1121 0.2243 118.4559 2162.4154 0.1169768763802882 0.011910777908104436 16.769336864188418 304.4237933130338 37.85713395789492 38.511683448546826 0.10713938607118 0.04570796820183869 0.45855657238465036 0.034017838273784344 0.14516196147267216 0.08722249237741028 0.6212931951030368 0.07708986692672903 60.0 0.0
1470.0010243490992 0.0 0.0935 0.1589 134.9394 2196.3688 0.11815202797165517 0.011454241253305814 16.83174091337827 306.24386314272067 37.7820048595157 38.45335612294121 0.08221640235456763 0.04060820974256442 0.5174797089375729 0.029711964767598915 0.1025957429914989 0.06512677010911944 0.645749676475905 0.058802032847234786 60.0 0.0
1480.0010243490992 0.0 0.0935 0.2056 108.1013 2210.4931 0.11493470921901212 0.012006691996846708 16.708448004566375 302.4066499459928 37.81947756381907 38.63643170429003 0.0986635930978332 0.041919838005244216 0.43987518589450636 0.036579587873771885 0.12693094683955866 0.07982038507152561 0.5659004713263657 0.10865423296790686 60.0 0.0
1490.0010243490992 0.0 0.0467 0.243 139.1927 2148.4742 0.125299492348769 0.014298944726764554 16.944637044845834 310.789090054457 38.20413389386409 38.97457825704871 0.0854105196257254 0.02803799782587919 0.35149713845971614 0.021611278275055892 0.1624416518340919 0.08909144575445237 0.6685098748556859 0.025903661380648656 60.0 0.0
1500.0010243490992 0.0 0.215 0.243 115.5388 2155.325 0.1283270119038523 0.014213875313660421 17.026418943065828 313.51505729919813 38.2545632866699 38.652089348975444 0.13787050611115134 0.059801532065001974 0.5268622912104712 0.02224072260832558 0.1552017368894929 0.08356903695416268 0.5930923516848479 0.05875740114331945 60.0 0.0
1510.0010243490992 0.0 0.0 0.271 109.67 2156.6353 0.14386623692412387 0.01944557300570274 17.297529104612824 323.9538199713796 38.98535039206568 39.69867241982144 0.0911726843691908 0.022836521091193506 0.3146928137904328 0.008004190106965682 0.18979500192203513 0.09683182201119417 0.6550988776018631 0.027158389514511876 60.0 0.0
1520.0010243490992 0.0 0.1776 0.2617 112.921 2216.2829 0.14048817688287427 0.018811080706881266 17.223506166149424 321.358345519574 38.87119121112354 39.67348206038436 0.12963847751000512 0.056987510966124394 0.5335121959065596 0.01753662995084636 0.160264149555289 0.08622850021236486 0.6595486154775355 0.023134367542830204 60.0 0.0
1530.0010243490992 0.0 0.1215 0.2897 136.6775 2164.254 0.14336351998367083 0.0181289794933581 17.325133826240748 324.4653539744677 38.64695212798343 39.550258538698515 0.13582248884234235 0.055249304410240584 0.5011381484872632 0.019546124362057236 0.1778503533974448 0.09479913901195046 0.6562064763285032 0.033771340905817106 60.0 0.0
1540.0010243490992 0.0 0.1028 0.1776 114.8331 2129.9751 0.135206720458877 0.017058509817158552 17.133678547216753 317.88127342570533 38.64886605536724 39.43163518020245 0.09762111786963187 0.04914480334292701 0.5497610322131898 0.027029996671033566 0.12088587483614024 0.07488600985018333 0.6807783477614214 0.038657014662166284 60.0 0.0
1550.0010243490992 0.0 0.1308 0.3084 141.309 2120.9184 0.1410827012865614 0.017264400138162387 17.281804662673036 322.8601123127728 38.48731557932917 39.68924784786846 0.1250074054217116 0.04287356999365232 0.4053270418219134 0.024846911336451248 0.20114640597915973 0.10174265796843263 0.6522019830233361 0.033650108287174886 60.0 0.0
1560.0010243490992 0.0 0.1869 0.2617 111.6756 2097.4775 0.1219443441312741 0.011788330975574484 16.921503854276633 309.3750199524349 37.93748999037818 38.46198671474955 0.1346160103715892 0.05865243149083399 0.514425468205716 0.027645011448910312 0.1726959175711396 0.09630799820897264 0.6599451135754264 0.044630795638767796 60.0 0.0
1570.0010243490992 0.0 0.2056 0.2336 104.2319 2162.7121 0.12173035702689605 0.012235312785405822 16.89236467278026 308.6055769366694 37.82943691087071 38.702500856917304 0.12774440702238207 0.05844239435848625 0.5467460620557953 0.01948775749541919 0.14548861515170525 0.08280243133644831 0.6226912728492984 0.0561795609768316 60.0 0.0
1580.0010243490992 0.0 0.1308 0.2243 112.2428 2173.4792 0.11704704823303008 0.011782659661834772 16.770998572006082 304.4500276993916 37.90705393680799 38.338623924780805 0.10950911212240359 0.05195645584353762 0.5326124998680538 0.0261752834437247 0.13670747595771454 0.08585889966568001 0.6648954512488843 0.06546991222390577 60.0 0.0
1590.0010243490992 0.0 0.0935 0.2336 123.9643 2108.6571 0.1234051695674717 0.014404925237728298 16.873815034276284 308.5931751424697 38.30527583364572 39.073417147410005 0.0883945773710621 0.03500886284580151 0.3940924907793186 0.03563397438037168 0.15608464363997188 0.09264887548691157 0.6958773695615412 0.03502920818549874 60.0 0.0
1600.0010243490992 0.0 0.1308 0.243 160.4391 2172.6022 0.11402019962583855 0.011207812948616636 16.702369774160516 302.0101144822318 37.89377745576005 38.34550160470643 0.10933281818680994 0.04926128804067909 0.4679444618395466 0.0427682590562547 0.15748102150082602 0.0947505072075567 0.6740187720235352 0.0558187606759638 60.0 0.0
1610.0010243490992 0.0 0.1402 0.215 136.9914 2250.2503 0.12165978463391589 0.012462146801698763 16.8845225180068 308.3953311068964 38.0063014088144 38.41164056591581 0.11093771476331442 0.05402649028317044 0.5395607036215747 0.030424252284174152 0.13662595175786418 0.08657113841952241 0.6644989471859757 0.06950369423104108 60.0 0.0
1620.0010243490992 0.0 0.1589 0.1869 112.7805 2203.3706 0.12397044716324958 0.013053470957984665 16.93264440666233 310.14494608350935 38.02991793230363 38.518105907531634 0.11294457860889863 0.05253728741364507 0.5254378222240067 0.026542853585448774 0.14505043610519214 0.08665058942046022 0.6747998549241546 0.04377460756224522 60.0 0.0
1630.0010243490992 0.0 0.1963 0.2243 113.8458 2171.5472 0.1202535914624378 0.012309078335978045 16.84465035705068 307.05977746501355 37.887808638585334 38.498086812755574 0.11609506325916276 0.052309960880562514 0.5175904903637673 0.024235247542889256 0.14636385800246599 0.08380685375207048 0.6525388669276608 0.04158059542312935 60.0 0.0
1640.0010243490992 0.0 0.1308 0.1682 108.9161 2206.7521 0.11442034193522987 0.012583109619709222 16.657619081057298 301.00100591053604 38.08739892598806 38.690317240470954 0.1023013696412712 0.05023283836150855 0.547312327580801 0.023867431712788753 0.11132322157131322 0.06955952809165307 0.5955792354065258 0.0844764972892354 60.0 0.0
1650.0010243490992 0.0 0.1869 0.1963 125.4216 2132.6312 0.11987292376722161 0.013154581426462935 16.79356127132115 305.7310943486706 37.87712233673428 38.90846321017859 0.12070552605545624 0.05037807076890908 0.4967496649205315 0.01933122808455621 0.14313833433411066 0.07483616120524232 0.5890692989903785 0.04411371313213009 60.0 0.0
1660.0010243490992 0.0 0.1215 0.2523 114.5141 2153.8576 0.12088494686672951 0.013880673511462606 16.78873143757847 305.88136570951434 38.219680584512865 38.89462697328826 0.11788506812456376 0.04794556088477069 0.467174158864012 0.026015417318773344 0.17366497997948033 0.09662201476226236 0.6882278836223851 0.026163347475065216 60.0 0.0
1670.0010243490992 0.0 0.1963 0.2336 144.7242 2188.422 0.12189985218251935 0.014061298989297907 16.817271684495253 306.83650620325176 38.24113669926341 39.02084578877034 0.12034847822280187 0.054170287283672604 0.5365536320766583 0.01662857236199262 0.1569715046026071 0.09576128854273558 0.6998312913532899 0.044906530933822394 60.0 0.0
1680.0010243490992 0.0 0.1308 0.1495 143.7938 2189.6889 0.12099976283540204 0.011823262517349957 16.868616463624775 307.8289321601854 37.66437291696283 38.48622448391285 0.09970015258540196 0.04849855054141944 0.5333958163319006 0.027064068700898784 0.10629588602667477 0.06195021933982497 0.56868299024271 0.0688257699219258 60.0 0.0
1690.0010243490992 0.0 0.215 0.215 132.4376 2202.6286 0.12452294273496047 0.01268562126519707 16.930811666646814 310.2237724984877 37.812552837822174 38.36049822431448 0.12243732518489298 0.05513954405628446 0.5240317517913419 0.02431607907753019 0.15917300271612178 0.09398896746865078 0.6812604516250012 0.04462051128715718 60.0 0.0
1700.0010243490992 0.0 0.1776 0.2617 92.6406 2137.0664 0.1154338480956265 0.011751087640987028 16.679696276058255 301.8240436678414 37.81328609303424 38.410797908033544 0.12170996746426971 0.053707925895244105 0.5209186607470744 0.020589945762881985 0.16620584726411164 0.1006012649973553 0.7113610262903977 0.04036168328033575 60.0 0.0
1710.0010243490992 0.0 0.1308 0.1869 133.2481 2231.2653 0.1122989361247502 0.010543731954649327 16.63182177896771 299.86212020302355 37.56524994234303 38.15160839682086 0.1074120654169351 0.05059073489524366 0.5224132272550933 0.028236751473578584 0.11568254965298227 0.06724957528000383 0.5626378551304139 0.07600131155213494 60.0 0.0
1720.0010243490992 0.0 0.1215 0.1402 124.0642 2136.7723 0.11808309647048396 0.011586621019376384 16.77528858144566 304.8414536239299 37.725086784971104 38.17344185066463 0.09683334442004714 0.04647653685543973 0.5180583926472523 0.029585762006824414 0.11777657662858515 0.07203002787581292 0.6301046849629306 0.06204084888646397 60.0 0.0
1730.0010243490992 0.0 0.1963 0.2243 138.4118 2165.2895 0.1286918971160777 0.01386381981942144 17.009160151704855 313.1807818789551 37.98488535075586 38.67395687981614 0.10960647846412448 0.0483079018865161 0.4886622164858883 0.029352712576038775 0.1594523216762604 0.09315688228671634 0.7108916008066609 0.020274099002764622 60.0 0.0
1740.0010243490992 0.0 0.1682 0.1869 105.457 2127.9556 0.12504183746830055 0.012932496907326067 16.94298485778574 310.6599715034141 37.961193588844 38.47109288377831 0.12797597383578913 0.05861238141353589 0.5266703538626707 0.030136766573103567 0.14083624064136127 0.08160994633678909 0.5795952980240636 0.08155137837852201 60.0 0.0
1750.0010243490992 0.0 0.0841 0.243 157.6101 2138.6402 0.1204929025760111 0.012995232020891529 16.786740884228603 305.7330917933718 37.95665340689813 38.98026857545402 0.10654501558813521 0.04184904796989793 0.4384737179973257 0.02607627064676586 0.15666709525626543 0.08286150789325569 0.6447453535546308 0.024059156690139995 60.0 0.0
1760.0010243490992 0.0 0.1682 0.2243 109.0928 2144.0259 0.13173524236960196 0.017214773055769923 16.993419492355514 313.6276022789918 38.73754416166245 39.3527249957332 0.10633524053890127 0.04274893930144551 0.45511482950649745 0.023459103614370064 0.14505750516367838 0.0764987580536765 0.6208461221005435 0.030170017065368867 60.0 0.0
1770.0010243490992 0.0 0.2056 0.243 138.0697 2131.5764 0.12188518337615666 0.013891490314445467 16.804742288939295 306.53476839172555 38.19725914552824 38.73840879108361 0.12665145890416746 0.057370528350586966 0.5420682441098367 0.018819575912811196 0.16371665779805525 0.10084085303532415 0.7007072953756764 0.05342912455281223 60.0 0.0
1780.0010243490992 0.0 0.1589 0.1776 143.5992 2053.1872 0.12421459265884215 0.012823784808573492 16.909547235169953 309.6601466936069 37.991277762686735 38.56412011631717 0.1067741223851278 0.05119593100010407 0.5193105043276671 0.03398143817566801 0.13897013992904073 0.08023058805845855 0.6759002260185162 0.024780793820390647 60.0 0.0
1790.0010243490992 0.0 0.1121 0.2991 145.1509 2096.1563 0.13267685313182742 0.016757684491613106 17.03129707011272 314.7566980971988 38.51614403683185 39.22697658149148 0.11970190889314768 0.049029888092094874 0.44165876729540693 0.03833968324424945 0.16727220604822465 0.08568790497728666 0.6171767602468979 0.03680248240547062 60.0 0.0
1800.0010243490992 0.0 0.1682 0.2617 86.4139 2053.8786 0.12862908300594525 0.014819296621210606 16.971847048316697 312.2806587436848 38.29404290404834 38.59623473432676 0.1373900760603229 0.06064491812545559 0.5250263620876625 0.027030436572122677 0.1678098521454922 0.09234528249186381 0.6412733635559881 0.04767603209655296 60.0 0.0
#####################################################################
# End of data export. Simulation finished at: 2024-12-18T00:52+0000 #
#####################################################################
